number, theta_1, theta_2, theta_3, theta_4, theta_5, theta_6, theta_7, tau_1, tau_2, tau_3, tau_4, tau_5, tau_6, tau_7, m_00, m_01, m_02, m_03, m_10, m_11, m_12, m_13, m_20, m_21, m_22, m_23, m_30, m_31, m_32, m_33
0, -0.000000898844564, -0.000019174787097, -0.000063336634944, 0.000032477250309, -0.000081300927123, -0.000171164712255, -2.999988816398667, 0.120310350418091, 0.481241401672363, -0.019368247985840, -0.278198471069336, 0.029052371978760, 0.176721513748169, 0.132165664672852, -0.969206656559120, -0.246199269061672, 0.004937286197032, -1.344769448457343, 0.246189425656925, -0.969218454825346, -0.002520619106911, 0.724086220414183, 0.005405883480622, -0.001227493163917, 0.999984634724117, 1290.797767612956704, 0.000000000000000, 0.000000000000000, 0.000000000000000, 1.000000000000000
1, -0.000000719021109, -0.000019084902641, -0.000063456462705, 0.000032417309157, -0.000081205108548, -0.000171254596712, -2.699995774019605, 0.129047973632813, 0.481241401672363, -0.020248622894287, -0.278198471069336, 0.029052371978760, 0.172382741928101, -0.226617389678955, -0.998596745496144, 0.052728629113127, 0.004922555876742, -1.296811041521384, -0.052726586948282, -0.998608837985578, 0.000543806840586, 0.589396430384863, 0.004944381993199, 0.000283494170745, 0.999987736283681, 1290.753185503516534, 0.000000000000000, 0.000000000000000, 0.000000000000000, 1.000000000000000
2, -0.000000778962261, -0.000018994963643, -0.000063546347162, 0.000032297535937, -0.000081013296863, -0.000171194655560, -2.400052945581190, 0.120310350418091, 0.479225027084351, -0.019808435440063, -0.277758283615112, 0.026851434707642, 0.171381486892700, -0.269671356201172, -0.938790978285202, 0.344459075178749, 0.004409605120091, -1.225293930921953, -0.344455960426328, -0.938801324336474, 0.001471309232576, 0.598660526567868, 0.004646548944098, -0.000137662932932, 0.999989195257542, 1290.706735959339539, 0.000000000000000, 0.000000000000000, 0.000000000000000, 1.000000000000000
3, -0.000000719021109, -0.000018875190423, -0.000063636231618, 0.000032327479242, -0.000081061293417, -0.000171194655560, -2.099999682579853, 0.130392223358154, 0.485274150848389, -0.018928060531616, -0.282160158157349, 0.026851434707642, 0.169378976821899, -0.207760419845581, -0.794094104550276, 0.607781092868641, 0.004086106936431, -1.197579378016008, -0.607774853439686, -0.794104566169479, 0.002768666674040, 0.497864209651158, 0.004927539433013, -0.000284851161108, 0.999987819033288, 1290.663534707475719, 0.000000000000000, 0.000000000000000, 0.000000000000000, 1.000000000000000
4, -0.000000719021109, -0.000018875190423, -0.000063546347162, 0.000032297481396, -0.000081205108548, -0.000171254596712, -1.799902497331650, 0.127703723907471, 0.484602025985718, -0.019368247985840, -0.280399408340454, 0.024650497436523, 0.166875839233398, -0.263330074310303, -0.579037461440564, 0.815297584418088, 0.002338181023513, -1.122520281287295, -0.815296678422128, -0.579041325152156, 0.001571597875099, 0.488767240605934, 0.002635223389545, -0.000996297178017, 0.999996031486936, 1290.572602444764925, 0.000000000000000, 0.000000000000000, 0.000000000000000, 1.000000000000000
5, -0.000000749018956, -0.000018815194730, -0.000063516349315, 0.000032267538091, -0.000081013296863, -0.000171284540017, -1.499951100199281, 0.124343099594116, 0.483257776260376, -0.018487873077393, -0.280399408340454, 0.027291622161865, 0.171381486892700, -0.362120571136475, -0.313662388816007, 0.949532061452710, 0.002184059432285, -1.032216227544207, -0.949530783149306, -0.313666805976061, 0.002103967833016, 0.544460847508457, 0.002682851859900, -0.001413896086686, 0.999995401591304, 1290.624768708350757, 0.000000000000000, 0.000000000000000, 0.000000000000000, 1.000000000000000
6, -0.000000719021109, -0.000018755308120, -0.000063636231618, 0.000032297535937, -0.000081061293417, -0.000171254596712, -1.200057736682555, 0.128375848770142, 0.487962650299072, -0.020248622894287, -0.274236783981323, 0.025971059799194, 0.174385251998901, -0.348937379837036, -0.018378681450636, 0.999826988883479, 0.002866420822616, -1.135708358096796, -0.999828887653669, -0.018384593283455, 0.002049912932140, 0.604043261404993, 0.002102256255418, -0.002828255645843, 0.999993790725042, 1290.694478138638942, 0.000000000000000, 0.000000000000000, 0.000000000000000, 1.000000000000000
7, -0.000000778962261, -0.000018785251425, -0.000063516349315, 0.000032267538091, -0.000081061293417, -0.000171194655560, -0.900010915146064, 0.131064348220825, 0.491323274612427, -0.019368247985840, -0.279519033432007, 0.025090684890747, 0.177055265426636, -0.335253561019897, 0.278756090134979, 0.960359305502132, 0.002246452341272, -1.005105482062906, -0.960361330126572, 0.278752531652983, 0.001772482601814, 0.623379897321716, 0.001076015883125, -0.002651496278444, 0.999995905870271, 1290.699097195555396, 0.000000000000000, 0.000000000000000, 0.000000000000000, 1.000000000000000
8, -0.000000778962261, -0.000018665423664, -0.000063546347162, 0.000032267538091, -0.000081061293417, -0.000171134714409, -0.599915377706839, 0.127703723907471, 0.477880777359009, -0.022889747619629, -0.276437721252441, 0.028171997070312, 0.176220886230469, -0.313225950241089, 0.547239754834474, 0.836975771764234, 0.000456298554594, -0.919640461081948, -0.836972400455952, 0.547235812271416, 0.003188517311418, 0.826519847240207, 0.002419008827346, -0.002126792728349, 0.999994812561037, 1290.576539909269741, 0.000000000000000, 0.000000000000000, 0.000000000000000, 1.000000000000000
9, -0.000000749018956, -0.000018635480359, -0.000063546347162, 0.000032267538091, -0.000081061293417, -0.000171044829952, -0.299900434227309, 0.138457721710205, 0.485946275711060, -0.018047685623169, -0.279519033432007, 0.026411247253418, 0.180059030532837, -0.275512010574341, 0.771035628941441, 0.636791921868752, -0.000327330992723, -0.951423389816197, -0.636788718640181, 0.771033198394324, 0.002816875292984, 0.789205397898506, 0.002046146493737, -0.001963470529748, 0.999995979025919, 1290.570221197861883, 0.000000000000000, 0.000000000000000, 0.000000000000000, 1.000000000000000
10, -0.000000719021109, -0.000018575539208, -0.000063666229465, 0.000032267538091, -0.000080917478287, -0.000171164657714, -0.000024537693009, 0.122998849868774, 0.492667524337769, -0.020688810348511, -0.273796596527100, 0.026851434707642, 0.179558403015137, -0.310889688491821, 0.925618419620780, 0.378458084965660, 0.000138502187439, -0.981692166685737, -0.378457839345119, 0.925617256997582, 0.001535378291235, 0.731379775610541, 0.000452876312974, -0.001473591666056, 0.999998811714617, 1290.619586857625336, 0.000000000000000, 0.000000000000000, 0.000000000000000, 1.000000000000000
11, -0.000000778962261, -0.000018515598056, -0.000063666174923, 0.000032237540244, -0.000080917478287, -0.000171134714409, 0.299920447863277, 0.124343099594116, 0.481913526535034, -0.015846748352051, -0.276877908706665, 0.028171997070312, 0.170713983535767, -0.311557191848755, 0.996166244214287, 0.087472733224391, -0.001155348543086, -1.016776402422314, -0.087471818562129, 0.996166657100616, 0.000819901467735, 0.773023873025158, 0.001222638718310, -0.000715697727602, 0.999998996465160, 1290.564963552123345, 0.000000000000000, 0.000000000000000, 0.000000000000000, 1.000000000000000
12, -0.000000719021109, -0.000018395770295, -0.000063726116074, 0.000032237540244, -0.000080917478287, -0.000171134714409, 0.599995462303100, 0.125687349319458, 0.496028148651123, -0.017167310714722, -0.273796596527100, 0.025530872344971, 0.169045225143433, -0.330747913360596, 0.977389922573671, -0.211441567550490, -0.001184383056514, -1.071607339732251, 0.211441385966313, 0.977390639950095, -0.000277918312498, 0.756789882629563, 0.001216368397198, 0.000021206962950, 0.999999259998820, 1290.563973821656418, 0.000000000000000, 0.000000000000000, 0.000000000000000, 1.000000000000000
13, -0.000000749018956, -0.000018425768141, -0.000063636231618, 0.000032117767025, -0.000080821659711, -0.000171134714409, 0.900001177954178, 0.124343099594116, 0.485274150848389, -0.021128997802734, -0.281279783248901, 0.025530872344971, 0.171715238571167, -0.335754188537598, 0.870997364599928, -0.491286715260594, 0.000976866641672, -1.222429744794272, 0.491287574039778, 0.870996788591243, -0.001055394642841, 0.761396328171193, -0.000332346340393, 0.001399168395075, 0.999998965936322, 1290.713857412853486, 0.000000000000000, 0.000000000000000, 0.000000000000000, 1.000000000000000
14, -0.000000659079958, -0.000018425768141, -0.000063576345008, 0.000032237540244, -0.000080965474842, -0.000171164712255, 1.199979419777575, 0.127703723907471, 0.488634775161743, -0.018928060531616, -0.282600345611572, 0.024650497436523, 0.168711473464966, -0.327243520736694, 0.687715984278765, -0.725979489415470, -0.000711277401978, -1.110766848802602, 0.725979077316256, 0.687716351922316, -0.000773690958224, 0.815424665884574, 0.001050840866910, 0.000015707126859, 0.999999447743227, 1290.528650448438157, 0.000000000000000, 0.000000000000000, 0.000000000000000, 1.000000000000000
15, -0.000000719075651, -0.000018335883685, -0.000063636231618, 0.000032177653635, -0.000080917478287, -0.000171224598865, 1.499979293102613, 0.128375848770142, 0.497372398376465, -0.018928060531616, -0.278198471069336, 0.030372934341431, 0.165874584197998, -0.390322587966919, 0.444739895235122, -0.895659624645411, -0.000512217037287, -1.157400616419636, 0.895659430476128, 0.444739154597344, 0.001126484450956, 0.715252693341787, -0.000781143668379, -0.000959764596599, 0.999999234332951, 1290.644671799773960, 0.000000000000000, 0.000000000000000, 0.000000000000000, 1.000000000000000
16, -0.000000629136653, -0.000018335883685, -0.000063726116074, 0.000032237540244, -0.000080821659711, -0.000171134714409, 1.799975451276176, 0.125015224456787, 0.485274150848389, -0.019808435440063, -0.279959220886230, 0.026851434707642, 0.173383996963501, -0.374135631561279, 0.162815260083909, -0.986656298494883, -0.000734659230961, -1.135106104037050, 0.986656420970469, 0.162815602021597, -0.000432083428155, 0.890076270425832, 0.000545931820834, -0.000654506471719, 0.999999636789797, 1290.722777705859926, 0.000000000000000, 0.000000000000000, 0.000000000000000, 1.000000000000000
17, -0.000000659079958, -0.000018335883685, -0.000063726116074, 0.000032177653635, -0.000080917478287, -0.000171134714409, 2.100059004521189, 0.125687349319458, 0.491323274612427, -0.018928060531616, -0.282160158157349, 0.030813121795654, 0.176554637908936, -0.371799369812012, -0.139545951550963, -0.990215046870827, 0.001043243184493, -1.183801677890112, 0.990207580957626, -0.139548983586433, -0.003876569880840, 0.755968463392556, 0.003984221352284, 0.000492067677291, 0.999991941892342, 1290.841598724349296, 0.000000000000000, 0.000000000000000, 0.000000000000000, 1.000000000000000
18, -0.000000629136653, -0.000018305940380, -0.000063666229465, 0.000032177653635, -0.000080773663157, -0.000171194655560, 2.400073948000720, 0.121654600143433, 0.479225027084351, -0.019808435440063, -0.281279783248901, 0.024210309982300, 0.177555892944336, -0.397665124893189, -0.425975634356449, -0.904733779107653, 0.001244136731298, -1.245564108770729, 0.904730255230875, -0.425977448307261, -0.002525629329758, 0.836887314881679, 0.002814996358280, 0.000049751586556, 0.999996036652287, 1290.678987042151675, 0.000000000000000, 0.000000000000000, 0.000000000000000, 1.000000000000000
19, -0.000000659079958, -0.000018305940380, -0.000063816000531, 0.000032177653635, -0.000080821659711, -0.000171134714409, 2.700029239944393, 0.129720098495483, 0.487962650299072, -0.017607498168945, -0.278198471069336, 0.025090684890747, 0.175219631195068, -0.353776779174805, -0.673545406423408, -0.739137488400406, 0.003515498124875, -1.368817205695541, 0.739135874114311, -0.673553407813067, -0.001991587476946, 0.792891373634983, 0.003839932707810, 0.001257006182890, 0.999991837392814, 1290.779640276824694, 0.000000000000000, 0.000000000000000, 0.000000000000000, 1.000000000000000
20, 1.443551660059110, 2.053671215781773, -1.938043668932233, -1.082156213115909, 1.019883136590992, 0.897379838501172, -3.019439123462246, -0.081999233245850, 62.493497606277465, 21.280422286987303, 15.370905714035034, 2.179368085861206, 0.546351497650146, 0.069086597442627, 0.371493150784490, 0.247508870048729, 0.894836408606296, 532.524086213733995, 0.927277702761915, -0.147034216151009, -0.344292029012355, 481.649382500339698, 0.046356238855178, 0.957663979967953, -0.284131660663048, 132.503146222463585, 0.000000000000000, 0.000000000000000, 0.000000000000000, 1.000000000000000
21, 1.210126462913238, 2.056923854241723, -1.838610854660733, -1.653959235798995, 2.386716486726879, 0.423294387970570, -3.019439453002225, 0.731271850585937, 50.055827022552492, 24.094980869293209, 12.790526857376099, 0.209529228210449, 2.680860357284546, 0.067584714889526, 0.122229505911511, -0.179065307824965, 0.976214916613231, 636.556512880435548, -0.074043575241960, -0.982494230769320, -0.170946294111311, 189.475713694205012, 0.989736074340032, -0.051387761563946, -0.133348419981007, 239.031519497701510, 0.000000000000000, 0.000000000000000, 0.000000000000000, 1.000000000000000
22, 1.229241900853103, 1.946553607139488, -2.518509338768841, -1.459306032213824, 1.699322535030950, 1.160153863014766, -1.724619454117509, 0.071245235443115, 61.723242513656615, 16.486340723037721, 11.640317039489746, 1.488713970184326, 2.158372104644775, -0.271173238754272, 0.054189097024470, -0.367950728364774, 0.928264942384180, 535.065755869096279, -0.620018365252146, -0.741104424174055, -0.257568358343372, 386.422977762665198, 0.782713720662752, -0.561583915337214, -0.268295988640895, 433.504603375223610, 0.000000000000000, 0.000000000000000, 0.000000000000000, 1.000000000000000
23, 1.439669010863369, 1.730866051589568, -2.062592842034352, -1.719953545987514, 1.683191576576446, 0.706635289899358, 0.041048127450218, -0.065868236541748, 52.400870668411258, 24.538249635696410, 2.374811315536499, 0.799820604324341, 2.800510334014892, -0.287026443481445, -0.257652240768423, 0.125695803428526, 0.958027080946811, 536.434274708042722, -0.289952707807582, 0.935748751017885, -0.200752838593929, 289.123627879211881, -0.921706433774910, -0.329506964977869, -0.204651923931860, 436.398240327013127, 0.000000000000000, 0.000000000000000, 0.000000000000000, 1.000000000000000
24, 1.298130850783762, 2.058216802331354, -1.713879581267776, -1.386197586560211, 1.292778126675968, 0.308320011339679, -0.352577334423110, 0.666747863769531, 54.302311904907228, 24.369657840728760, 13.517716531753539, 1.130401382446289, 2.028375825881958, -0.008510667800903, -0.261729625810243, -0.172189405104294, 0.949656996890488, 634.715511890796506, -0.964846674679501, 0.070988541196337, -0.253044504739237, 285.800346584531667, -0.023843182110191, -0.982502639074647, -0.184716179254052, 136.389659303144384, 0.000000000000000, 0.000000000000000, 0.000000000000000, 1.000000000000000
25, 1.235013743243721, 1.611435490772807, -1.411500479745169, -1.653923972185080, 0.151401314962598, -0.252970149596771, -0.387019577303224, 0.727911226272583, 53.866774993896485, 28.034658584594727, 1.628253393173218, -0.533067007064819, 0.567377853393555, 0.026867010116577, -0.056627132651631, -0.207597734440335, 0.976573882767144, 636.168175990031727, -0.799473875710324, -0.576466573620352, -0.168901780793230, 189.901183835814095, 0.598025827121512, -0.790309730519403, -0.133325316208067, 238.201173498061593, 0.000000000000000, 0.000000000000000, 0.000000000000000, 1.000000000000000
26, 0.876300725386144, 1.293106554400286, -1.369643327283144, -1.826104477081166, -0.020985144784557, -0.923798882449683, -0.249519891269210, 0.756812595367432, 50.506822805404667, 25.599541587829592, -6.270910472869874, -1.905131301879883, 1.074847280502319, -0.231456789016724, 0.009004551235259, -0.003033317964561, 0.999954857500666, 638.044625924911543, -0.952156680020623, -0.305514606012686, 0.007647365887595, -2.584762306161416, 0.305477617427459, -0.952182558386279, -0.005639215885544, 343.419629846565670, 0.000000000000000, 0.000000000000000, 0.000000000000000, 1.000000000000000
27, 1.007795715491319, 0.894525405799880, -0.860759342850207, -1.672100835595188, 0.832222446587484, -0.472661874418627, 0.006880922498131, 0.042343866348267, 52.431116287231447, 17.406332502365110, -16.303222742080685, 0.541430568695068, 2.623788820266724, -0.275178258895874, -0.186089606397919, 0.103423501378599, 0.977074325603359, 636.319767654160842, -0.327538888994797, 0.931031313795117, -0.160931565980676, 191.224927670656342, -0.926330899078036, -0.349977530843809, -0.139380031990772, 338.510662334513370, 0.000000000000000, 0.000000000000000, 0.000000000000000, 1.000000000000000
28, 0.874539583562222, 0.745910650814726, -0.059557403269496, -1.985705410688553, 1.139401619634085, -1.165147599664823, 0.008838965059471, 0.571306133270264, 48.861461141586304, 2.796951084136963, -10.806161813735962, 0.934077777862549, 2.815529159545898, -0.277180768966675, -0.180345588801838, 0.185002368208057, 0.966048442034419, 435.201185097325890, 0.010382999193212, 0.982455838955358, -0.186206116522195, 289.424349453192121, -0.983548505121874, -0.023550971528452, -0.179102456188055, 238.582602606723526, 0.000000000000000, 0.000000000000000, 0.000000000000000, 1.000000000000000
29, 1.405542192830127, 0.916028341034594, -0.256617788136421, -1.201251305506524, 2.049144025067938, -1.295341252809868, 0.002346511237196, -0.149211719512939, 65.063030956268307, 7.044319829940795, -21.415119647979736, 2.020460414886474, 1.464669240951538, -0.020525728225708, -0.040375700001815, 0.441744092660010, 0.896232090169365, 332.342616782959453, 0.703663891001620, 0.649382487017754, -0.288373913617539, 585.105290244844582, -0.709384896477098, 0.619002861184519, -0.337058639550384, 330.863778710849203, 0.000000000000000, 0.000000000000000, 0.000000000000000, 1.000000000000000
30, 1.410246899847516, 1.026827653334664, -1.045577033117117, -1.115605083636512, 2.721173193677304, -0.821913796151631, 0.179395727322430, -0.127031599044800, 63.025148372650150, 19.508667783737181, -17.782692775726318, 1.589516897201538, -0.253484399795532, -0.276012638092041, 0.279060476684575, 0.346836680319635, 0.895449366261116, 533.009186629311557, 0.952587015280607, 0.017763320082877, -0.303747333779931, 485.230052745009118, -0.121256870615077, 0.937757314897884, -0.325435077525687, 430.973786479180376, 0.000000000000000, 0.000000000000000, 0.000000000000000, 1.000000000000000
31, 1.376168018700205, 1.501709006237315, -0.962750549529983, -1.081907480572172, 2.652403492854960, -0.742622838625317, 1.861975838802621, 0.833434829711914, 67.599630187988282, 20.862244205474852, -8.245151205062866, 1.722893695831299, 1.054822179794312, -0.399834510803223, 0.410353410539421, -0.174661140980070, 0.895043889588776, 532.025066796479791, 0.377474795074250, -0.860922594178718, -0.341064606660147, 482.235021867589410, 0.830134240675759, 0.477813533362260, -0.287352344332796, 132.364382035376480, 0.000000000000000, 0.000000000000000, 0.000000000000000, 1.000000000000000
32, 1.393047499848098, 0.973693015672109, -0.910573391530913, -1.510992855668070, 2.098000450193670, -0.575967570750677, 2.245719528224039, -0.010753997802734, 55.737970611572266, 18.871716537475585, -15.629295749664307, 1.569268274307251, 1.257910076141358, -0.378808155059814, 0.305770948973486, -0.207912985912968, 0.929126642096010, 533.989347570134555, 0.161168817152188, -0.950479676196300, -0.265731062383646, 386.296708374525053, 0.938364928554781, 0.230999081007979, -0.257119982560382, 334.328481600548116, 0.000000000000000, 0.000000000000000, 0.000000000000000, 1.000000000000000
33, 1.095302128801852, 1.204170183345000, -0.722920353465353, -1.195155409743013, 2.044245401171649, -0.641658230628859, 0.908649863509990, 0.776976341247559, 67.044455051422119, 17.253147268295287, -15.762232360839842, 1.655545015335083, 1.694624147415161, 0.078264768600464, 0.304685366890975, 0.263446113594266, 0.915293926798703, 633.004225750477076, 0.949728973731193, -0.011405230887417, -0.312865461762559, 384.257848344797480, -0.071984051414232, 0.964606689765566, -0.253677414054762, 233.562166075225321, 0.000000000000000, 0.000000000000000, 0.000000000000000, 1.000000000000000
34, 1.081788387321758, 0.780051400556915, -0.806601072582312, -1.431100529731580, 1.810875535217242, -0.453292880281309, -1.703706292579892, 0.795795837402344, 54.777504182815548, 15.167539110183714, -21.151007175445557, 1.407719478607178, 1.159953958511353, 0.029203271865845, -0.308025523311580, -0.048790603162137, 0.950126177953067, 635.465640128312430, -0.791516209778684, 0.567235853517156, -0.227476539762345, 288.810253544724731, -0.527846915919960, -0.822108851386323, -0.213341673908424, 435.316412953756071, 0.000000000000000, 0.000000000000000, 0.000000000000000, 1.000000000000000
35, 0.611534862737360, 1.078840657445451, 0.178324277713461, -1.194848433816873, 1.306972578186746, -1.095623545745830, -2.094033665765187, 0.727239101409912, 69.757823122024533, -1.642339391708374, -20.423817501068115, 1.975561294555664, 1.875016929626465, 0.183062795639038, -0.322445081494418, -0.237568645109850, 0.916291606575510, 632.927675169214695, -0.946563699488366, 0.087883815856182, -0.310312097285064, 384.740791882987821, -0.006806778309639, -0.967386982428039, -0.253211559763406, 233.669893420159241, 0.000000000000000, 0.000000000000000, 0.000000000000000, 1.000000000000000
36, 0.460889710385144, 1.122941436603378, 0.455167093151610, -1.194847355203397, 1.119966658312486, -1.228108792416014, -2.013406766799329, 0.684223110198975, 69.557529912948610, -7.569903650283814, -18.994528837203980, 2.074603471755982, 1.773890171051025, -0.201586013793945, -0.351959300463313, -0.191351803072351, 0.916247312835534, 633.024767328503117, -0.925932659660803, 0.214467448856356, -0.310889728287248, 384.860885597365325, -0.137015913640891, -0.957803842570078, -0.252662697221307, 233.908373211041720, 0.000000000000000, 0.000000000000000, 0.000000000000000, 1.000000000000000
37, 0.721383136947874, 0.827388220039083, 0.377690337585538, -1.115627044678133, 1.549139632236115, -1.317848735692739, -1.104164103627657, -0.223145454406738, 65.281471536636360, -4.113991947174072, -23.898217077255246, 2.137990465164185, 0.961872337341309, -0.323906003952026, -0.362180009108318, 0.254111611088726, 0.896801499838282, 532.777252589371756, -0.075210453736438, 0.951017578034205, -0.299848218134966, 485.568606377718140, -0.929068904146005, -0.176047878089590, -0.325327705504918, 431.362498398515925, 0.000000000000000, 0.000000000000000, 0.000000000000000, 1.000000000000000
38, 0.583481500005881, 1.356435992424605, 0.792456691175232, -1.333591513134372, 0.960277916274234, -1.705131336786473, -0.441871015063859, 0.563912759780884, 64.988425096511833, -15.077300682067872, -9.731224050521849, 1.710568447113037, 2.160708366394043, -0.301878393173218, -0.267373957648074, 0.309566593505718, 0.912512844269532, 432.630768433728917, 0.070304809059740, 0.950733293658544, -0.301932837154642, 484.245295732126181, -0.961024661803577, -0.016574936333018, -0.275965343640967, 134.150688114394882, 0.000000000000000, 0.000000000000000, 0.000000000000000, 1.000000000000000
39, 0.349308397424125, 1.222072607965887, 1.510813122261861, -1.366132728341922, 0.690465748280156, -1.977513713635081, 0.304233510523699, 0.629780996322632, 59.990504617691045, -22.338192739486693, -8.286969013214112, 2.253759765625000, 0.637298830032349, -0.311056564331055, 0.212605142003693, 0.351933102998796, 0.911560280292657, 433.854593822001959, 0.956431184938002, 0.116083895467120, -0.267887882688390, 486.372542462973399, -0.200096082099774, 0.928799020362757, -0.311919761639918, 433.255264265696837, 0.000000000000000, 0.000000000000000, 0.000000000000000, 1.000000000000000
40, 0.671099097007374, 1.638231917938443, 1.549777372729721, -0.665351942026290, 0.345573082269601, -1.713804440152991, 1.152526892547406, -0.373701423645020, 76.462268627166736, -13.893636617660523, 0.245184412002563, 2.394619750976562, 0.256488164901733, -0.296538366317749, 0.512386616156844, 0.022982489215639, 0.858447296444454, 531.180400023482889, 0.655781128542604, -0.655880545219586, -0.373860698455786, 581.467903971269493, 0.554446631363856, 0.754514755052485, -0.351135895882720, 230.386206746854754, 0.000000000000000, 0.000000000000000, 0.000000000000000, 1.000000000000000
41, 0.697527638437707, 1.776897489311069, 1.965326685711538, -0.665291032271668, -0.087869583188019, -1.732234590107182, 0.090098720956795, -0.381766921997070, 76.244500171661372, -12.577035942077636, 10.453131475448608, 2.439518871307373, 0.189404077529907, 0.051397758483887, 0.292112577666211, 0.420911428813756, 0.858780420749777, 531.518536927675541, 0.918676534931387, 0.126161949040573, -0.374321501894754, 581.187578195640981, -0.265901609877907, 0.898285439995688, -0.349827960798005, 230.440700539427951, 0.000000000000000, 0.000000000000000, 0.000000000000000, 1.000000000000000
42, 0.458053493739776, 2.033407000056980, 2.186899124809691, -1.163883293900806, -0.449857793970019, -1.791787828857463, -1.728757547084286, 0.643223493576050, 66.350822193145746, -16.071243953704833, 16.198458127975464, 2.458887119293213, -0.385483188629150, 0.117480590820313, -0.367014895383939, 0.249984658419403, 0.895995389006691, 533.245889140818008, -0.174739269914406, 0.927538426476066, -0.330361400529910, 482.955623812438660, -0.913655435115502, -0.277813134976079, -0.296738281855688, 233.077783781409863, 0.000000000000000, 0.000000000000000, 0.000000000000000, 1.000000000000000
43, 0.603527273321529, 2.037952946144386, 2.825758170152921, -1.459441543831034, -0.805279895646475, -1.682504940367560, -1.361119577249245, -0.266161445617676, 65.138308940887455, -6.110242052078247, 15.787323045730592, 1.659506702423096, -2.205764842987061, -0.252149393081665, -0.006960200730867, 0.370030223499758, 0.928993643305758, 535.441913595574988, 0.702681355168357, 0.662793553743735, -0.258734648268281, 386.206732999838152, -0.711470637977807, 0.650985667132902, -0.264626515079241, 434.532657325060597, 0.000000000000000, 0.000000000000000, 0.000000000000000, 1.000000000000000
44, 0.079081952657838, 2.059529314580130, 1.586195844229254, -1.650317229818625, -0.265285294864716, -1.978888933382148, -1.451457623261495, 0.627092496871948, 49.549044876098634, -21.618486251831055, 11.775014400482178, 2.289414949417115, 0.380476913452148, 0.014351322174072, -0.284785635451720, 0.180299256827588, 0.941482511695135, 434.588081346135880, -0.240058842831337, 0.937441830610975, -0.252139973425919, 386.040448844192326, -0.928045739076927, -0.297817044858355, -0.223687536472190, 137.217445966205247, 0.000000000000000, 0.000000000000000, 0.000000000000000, 1.000000000000000
45, -0.209758839639279, 1.930648503387464, 1.445674365926708, -1.674133989273467, -0.183902724729559, -1.714390678467524, -1.359967144253993, 0.764205968856811, 51.159456047058107, -23.392881879806517, 9.168664484024047, 2.528436737060547, 0.240968711853027, -0.256988792419434, -0.227040056962662, 0.166896080419292, 0.959478249297538, 535.495228574854991, -0.235746828231130, 0.946487239485181, -0.220420821318412, 287.769321432174195, -0.944921290644545, -0.276238309856541, -0.175545295164093, 138.963713560016259, 0.000000000000000, 0.000000000000000, 0.000000000000000, 1.000000000000000
46, -0.874160972015097, 1.894638304378454, 1.854788929052830, -1.826091414273478, 0.022391805110900, -0.904056579730001, -0.891264707954870, 0.634485870361328, 50.492708183288570, -25.021135272979734, 7.600716772079467, 1.732577819824219, -1.293454629898071, -0.332917299270630, -0.001632042211470, -0.004377588871721, 0.999989086517393, 638.267236091423683, 0.669433459678579, 0.742859319236157, 0.004344523766993, -3.100145689862743, -0.742870230592793, 0.669433244274336, 0.001718126697269, 346.189762629144411, 0.000000000000000, 0.000000000000000, 0.000000000000000, 1.000000000000000
47, -0.871921959260691, 1.901882408840476, 1.861242104567583, -1.826095968273823, 0.022414766924312, -0.904055231517696, -2.672444700138399, 0.180129463195801, 50.282333101272584, -25.086723203659055, 7.707682323455810, 1.722453508377075, -1.264084482192993, 0.103129268646240, 0.008347213336602, -0.002836276419765, 0.999961139027705, 638.355682503948628, -0.861692382887749, 0.507357590469201, 0.008632071971435, -3.405743266679192, -0.507362357002120, -0.861730950430213, 0.001791024258915, 345.698166913385705, 0.000000000000000, 0.000000000000000, 0.000000000000000, 1.000000000000000
48, -1.222408615698771, 1.598714595538705, 1.829681258853007, -1.632689034220200, 0.417041199208058, -0.256800757328517, -3.019474177309402, 0.605584501266480, 54.639718585968019, -27.713321743011473, 0.212610540390015, 0.292724657058716, -1.355866193771362, 0.131831912994385, 0.197048940725729, 0.103074993390192, 0.974960132875432, 637.874359711811394, -0.957742859317996, 0.232768130760873, 0.168960388042517, -196.753647714843595, -0.209524056815100, -0.967054570869556, 0.144586052494844, 451.255051658923492, 0.000000000000000, 0.000000000000000, 0.000000000000000, 1.000000000000000
49, -1.298299978151367, 1.526012115432137, 1.827012731533026, -2.042375844119840, 0.295044330478541, -0.696159848939049, -1.575396529664964, 0.550470262527466, 44.323274068832397, -24.979317464828490, -3.738071861267090, 1.763390941619873, -0.468420480728149, -0.269838232040405, 0.082388198731738, -0.068420796819314, 0.994248851783270, 538.128971661872811, -0.148049246504749, 0.985730684595145, 0.080102671971429, -100.721124771653123, -0.985542289969901, -0.153797308202050, 0.071082928124043, 449.755700584390468, 0.000000000000000, 0.000000000000000, 0.000000000000000, 1.000000000000000
50, -0.937414460019065, 1.235635364999930, 0.977846178793378, -1.749518868413271, -0.553253180306949, -0.842177592397447, -1.311828670012734, 0.023524370193481, 55.127681236267094, -21.382985963821412, -7.804523563385009, 1.728616132736206, 2.497630685806274, -0.311724067687988, 0.117602642863381, 0.013064103833399, 0.992974797053066, 637.859900145074675, -0.892374278978365, 0.440100630062466, 0.099897856015351, -98.383195530266093, -0.435703757855485, -0.897853420447709, 0.063415067460013, 247.744117468489492, 0.000000000000000, 0.000000000000000, 0.000000000000000, 1.000000000000000
51, -1.022647465807995, 1.183600399847522, 0.065833601689259, -1.561352875626767, -1.231495402610993, -1.615117703794025, -1.128292662662352, 0.617010623931885, 62.838969785690310, -3.136335611343384, -11.521466426849365, -0.687132616043091, 2.745107555389405, -0.300376510620117, 0.197318940333039, 0.284529757274552, 0.938140742645330, 436.326096909166324, -0.936967413181590, -0.226756152608493, 0.265845281865211, -391.583582431722562, 0.288370078929223, -0.931463614146832, 0.221851826900018, 153.977830831870079, 0.000000000000000, 0.000000000000000, 0.000000000000000, 1.000000000000000
52, -0.855088167941861, 0.787191991286448, -0.325559109125596, -1.377639501754806, -1.003250566495781, -1.698837910985265, -0.630408279251703, 0.122326725006104, 61.174788625717163, 4.723651571273804, -22.050310144424436, -2.088689470291138, 1.603009311676025, -0.284189554214478, 0.123746779869108, 0.398608335939983, 0.908734355568878, 436.571429604652792, -0.893221012562699, -0.354167463910613, 0.276986696835050, -492.645947008447877, 0.432253348383206, -0.845976833031663, 0.312218258250897, 455.986300774486665, 0.000000000000000, 0.000000000000000, 0.000000000000000, 1.000000000000000
53, -0.633349208016255, 0.613662242378523, -0.448393339650832, -1.698626119753184, -0.970902363126649, -1.641125209468279, -0.909863446024469, 0.109556352615356, 51.033096572875976, 5.864617452621459, -20.232335958480835, -1.953551921844482, 1.568299137115479, -0.022361362457275, 0.057223974087308, 0.341665418309239, 0.938077906530810, 437.463060833198028, -0.825677726057925, -0.512013063620278, 0.236852095988176, -394.382833866205829, 0.561232313290557, -0.788103650932890, 0.252806103377232, 454.333953623921673, 0.000000000000000, 0.000000000000000, 0.000000000000000, 1.000000000000000
54, -1.013847149919393, 0.938555837607974, -0.469559907560294, -1.154884549129944, -0.902500098530059, -1.909159589691613, -1.418464482860842, 0.817303833007813, 66.518181283950810, 7.315475301742554, -21.651940498352051, -2.165282087326050, 1.132753196716309, 0.035878305435181, -0.296813522214721, 0.335115406208907, 0.894203219381328, 335.803259853375891, -0.220894553630175, -0.935098983318932, 0.277119987681195, -593.118881666928019, 0.929035698564387, -0.115271661380149, 0.351575190927408, 457.454112771333541, 0.000000000000000, 0.000000000000000, 0.000000000000000, 1.000000000000000
55, -0.508029149600681, 1.419454200119114, -0.910372416049653, -1.081034369851924, -0.304229711476428, -1.885421656505185, -1.451253861471170, 0.122326725006104, 70.838599901199331, 16.364848985671998, -11.778535900115966, -2.285893449783325, 1.021280136108398, 0.033708919525146, -0.212426572124503, 0.391143894436196, 0.895478310904692, 534.785215441312289, -0.252756906086512, -0.907200633438828, 0.336304857404354, -489.499967483917601, 0.943922082526417, -0.154898239284618, 0.291577841382911, 255.314917758992607, 0.000000000000000, 0.000000000000000, 0.000000000000000, 1.000000000000000
56, -0.017297311115931, 1.121763716896161, -0.952284995587168, -1.459251683751810, -0.343095176025122, -1.550163264754189, -1.690253700564484, 0.199621084213257, 61.863044485092161, 18.874797849655153, -13.762900943756105, -2.193013896942139, 1.186153465270996, 0.077597265243530, -0.187310808824808, 0.254831903422754, 0.948670312540312, 636.911049032660571, -0.054432051376256, -0.966972453483598, 0.249000855393878, -292.796382790438656, 0.980791421598073, -0.004997519569427, 0.194995415632738, 351.142905851716250, 0.000000000000000, 0.000000000000000, 0.000000000000000, 1.000000000000000
57, -0.172481818210557, 0.990129470024455, -1.226388726534200, -1.698591605212767, -0.430772196687923, -1.965214723112858, -3.019478611481986, 0.755468345642090, 51.103669683456417, 19.676379203796387, -13.313469552993773, -2.229549455642700, 0.981229934692383, 0.094618600845337, -0.243644812167130, -0.239218919431992, 0.939899736189895, 437.281513814951040, 0.969497107706577, -0.086745646646144, 0.229239069393774, -394.203153802717281, 0.026693887926359, 0.967082985774092, 0.253057177281425, 454.274856509057145, 0.000000000000000, 0.000000000000000, 0.000000000000000, 1.000000000000000
58, -0.739684875993284, 1.398652192274610, -0.551861691887794, -1.219131978798009, -0.734120156831677, -1.979332020118845, -3.019478731309747, 0.955761554718018, 68.663603845596313, 10.560977401733398, -12.906736345291137, -1.685477762222290, 2.090620513916015, 0.084606050491333, -0.410968825507290, -0.064117366740762, 0.909391877984068, 435.430219149445975, 0.776504522494983, -0.547257379834644, 0.312330092628551, -490.107113285690616, 0.477645633295226, 0.834504837312973, 0.274693147885511, 154.795272376228979, 0.000000000000000, 0.000000000000000, 0.000000000000000, 1.000000000000000
59, -0.682375383766667, 1.235327400399312, -0.384920450452003, -1.561496506515648, -0.871838650899497, -1.895181309687551, -2.675603022751008, 0.084015607833862, 62.705889062881468, 7.451493225097656, -10.218071374893189, -1.210075311660767, 2.276019571304321, -0.156529537200928, -0.305415558116684, 0.155537981954150, 0.939430291735318, 436.197085245343430, 0.353831096934084, -0.897392237889031, 0.263610937214182, -391.812097906615293, 0.884038965036439, 0.412910532132746, 0.219043376414708, 153.883725169172635, 0.000000000000000, 0.000000000000000, 0.000000000000000, 1.000000000000000
60, -0.250276635161499, 0.891446448707881, 0.024138955361081, -1.749693598451393, -0.360876553946741, -1.160480552980200, -2.250704186816710, 0.116277601242065, 58.603911026000972, -0.659840993881226, -15.036803436279296, -0.121051549911499, 2.580734853744507, -0.263663825988770, -0.018742345631201, 0.113299538222950, 0.993384084389672, 637.701435661656660, -0.348951698495376, -0.931822794801566, 0.099694489343150, -98.224838691016416, 0.936953273433330, -0.344774554929255, 0.057000611188843, 247.018360499741789, 0.000000000000000, 0.000000000000000, 0.000000000000000, 1.000000000000000
61, -0.522051112196086, 0.812783374688253, 0.271225689449685, -2.042323023693584, -0.439299787700628, -1.279014334284962, -2.011270938237432, 0.730599725723267, 50.031630527496340, -5.103973531723023, -10.232157373428343, 0.448991203308105, 2.957540498733521, -0.250814386367798, 0.021147563085349, 0.102861386909835, 0.994470872202166, 537.854047565160954, -0.715423803392891, -0.693263069969180, 0.086920063022056, -98.668059704243035, 0.698370648090541, -0.713306281270460, 0.058928660138386, 247.658802669958732, 0.000000000000000, 0.000000000000000, 0.000000000000000, 1.000000000000000
62, -0.090342060651316, 0.644503375506005, 0.099978516005205, -1.825982357811624, -0.018837188235135, -0.899780368605862, -0.556409315782025, 0.032934118270874, 52.417673789978025, -0.740835485458374, -18.853668851852419, 0.463077201843262, 2.634135122299194, -0.303380275726318, 0.005218026859077, -0.009785474441127, 0.999938506452102, 637.871856021958479, -0.780673386422170, 0.624856186501330, 0.010188715481170, -1.528873575104226, -0.624917463292425, -0.780678545036929, -0.004378743105478, 344.604693341568293, 0.000000000000000, 0.000000000000000, 0.000000000000000, 1.000000000000000
63, -0.126554912893869, 0.914445913999096, 0.435209883296260, -1.766055690651216, 0.272816133927799, -1.097694449804956, 0.994651837150026, 0.699681982040405, 57.021056974411010, -7.980598545074463, -14.266915578842163, 1.338610048294067, 2.649821451187134, -0.324072879791260, 0.039751382032627, 0.099748515752922, 0.994218316684814, 637.035330193722984, 0.876270991514954, 0.474675290453525, -0.082659047068431, 95.179912842795986, -0.480175985505206, 0.874490481502200, -0.068537731988692, 242.520523499417749, 0.000000000000000, 0.000000000000000, 0.000000000000000, 1.000000000000000
64, -0.299065852795627, 0.964178469875544, -0.176113218152323, -1.621492951830388, -0.569445497905631, -1.302090828155463, 0.963013033959214, 0.912073438644409, 61.843552864074709, 3.680847492218017, -16.280332994461059, -0.759763545989990, 2.636972011566162, 0.001501882553101, 0.092421549881032, -0.202070583404972, 0.975000377661446, 637.200946805080775, 0.176281594839449, 0.967044363861130, 0.183711724300012, -194.534143030590911, -0.979991355287611, 0.154895699252101, 0.124997063624529, 249.261978071637827, 0.000000000000000, 0.000000000000000, 0.000000000000000, 1.000000000000000
65, -0.519650312492568, 1.223074788783957, -0.382690455868373, -1.126918970896503, -0.735414788749518, -1.545677689223749, 0.436602929618120, 1.015580667495728, 72.055145902633654, 7.101544198989869, -19.327750740051268, -1.711889009475708, 1.966464889526367, -0.123154369354248, 0.403771777369804, -0.072007668786614, 0.912021516980574, 635.305457354805753, -0.603487583088848, 0.728276952542344, 0.324677405208952, -388.886737088087614, -0.687583514096441, -0.681489233980665, 0.250601945545590, 252.662708921777465, 0.000000000000000, 0.000000000000000, 0.000000000000000, 1.000000000000000
66, -1.465704499728737, 1.268401164648422, 0.795028925298916, -0.959272278013461, -1.885795827978331, -1.339895365205270, 0.869020039095750, 0.819320207595825, 71.360840919494635, -16.744290571212769, -16.752213945388792, -1.821055498123169, 1.175473411560059, -0.284690181732178, 0.466981149289636, -0.122335590285598, 0.875764014765168, 434.872552477707245, -0.389528313601775, 0.860655669211261, 0.327932175849022, -590.071213846455521, -0.793849040504987, -0.494273024151623, 0.354256797373489, 357.803207805927514, 0.000000000000000, 0.000000000000000, 0.000000000000000, 1.000000000000000
