number, theta_1, theta_2, theta_3, theta_4, theta_5, theta_6, theta_7, tau_1, tau_2, tau_3, tau_4, tau_5, tau_6, tau_7, m_00, m_01, m_02, m_03, m_10, m_11, m_12, m_13, m_20, m_21, m_22, m_23, m_30, m_31, m_32, m_33
0, -1.570805343116235, 0.092449246942140, 0.000028971865593, -0.000088623346909, -0.000073199632344, 0.000027863308812, -0.000031967941417, 0.123670974731445, 9.856711111068726, 0.077472991943359, -3.954203901290894, 0.036975746154785, 0.544182111740112, -0.106633661270142, -0.007789356171467, 0.999961467546251, 0.004048376610746, 2.278704172770252, -0.995872473286380, -0.007391265670291, -0.090462070185573, -91.187657560581314, -0.090428661832974, -0.004736308112822, 0.995891673077227, 1325.403535572334704, 0.000000000000000, 0.000000000000000, 0.000000000000000, 1.000000000000000
1, -1.570805253231778, 0.277154944667065, 0.000030979266938, 0.000072474633482, -0.000072959998638, 0.000088443577996, -0.000031997884722, 0.259440196990967, 30.113210222244263, 0.273356409072876, -12.037806310653686, 0.174314231872559, 1.880857583999634, -0.113809322357178, -0.008452855116693, 0.999958664275636, 0.003349474654655, 1.338980600436495, -0.961804859122351, -0.007213741850508, -0.273640959830850, -272.136457678899490, -0.273605486438067, -0.005534588385797, 0.961826078936514, 1291.466874299313531, 0.000000000000000, 0.000000000000000, 0.000000000000000, 1.000000000000000
2, -1.570802436979409, 0.462000438247093, 0.000032597078070, 0.000042903574540, -0.000072816096241, 0.000197619922153, -0.000031818115809, 0.355554052352905, 49.004623737335208, 0.422139768600464, -19.595824899673460, 0.300648031234741, 3.095379941940307, -0.117146839141846, -0.007826616568320, 0.999967275177534, 0.002047595446165, 0.502845048325419, -0.894333713787897, -0.006083795625112, -0.447359135162276, -443.592796500858299, -0.447332038261782, -0.005332542058954, 0.894352062411526, 1224.631590998115598, 0.000000000000000, 0.000000000000000, 0.000000000000000, 1.000000000000000
3, -1.570800609346977, 0.646772588510547, 0.000034095115982, 0.000024597634160, -0.000072720277665, -0.000121220424979, -0.000031878002419, 0.438225410461426, 66.620344263076788, 0.566081066131592, -26.535380115509032, 0.415536956787109, 4.317244836807251, -0.119316225051880, -0.007711602980301, 0.999970035319004, 0.000677970194278, -0.252206028433117, -0.796015420524012, -0.005728385597411, -0.605249234519489, -599.463292583807174, -0.605227214744557, -0.005207116530046, 0.796035743211314, 1127.353097010275633, 0.000000000000000, 0.000000000000000, 0.000000000000000, 1.000000000000000
4, -1.570792370193003, 0.831608914203274, 0.000036072464939, 0.000018935077033, -0.000072624459089, -0.000114479308917, -0.000031728231353, 0.461749780654907, 81.651072566986088, 0.688893365859985, -32.533814554214473, 0.519421195983887, 5.277448415756226, -0.122486865997314, -0.007972145043104, 0.999968196432354, -0.000225892089664, -1.019223305424915, -0.670314473746033, -0.005511644235025, -0.742056687904911, -734.464084916772322, -0.742034332891674, -0.005764364808977, 0.670337094981591, 1003.206585228349809, 0.000000000000000, 0.000000000000000, 0.000000000000000, 1.000000000000000
5, -1.570788475327157, 1.016359612679458, 0.000037330847328, 0.000011504828625, -0.000072384738117, -0.000088922943583, -0.000031698233506, 0.511487020492554, 93.946252679824823, 0.782213106155396, -37.385560674667360, 0.597774562835693, 6.052086061477661, -0.124990003585815, -0.007432520799737, 0.999972356965557, -0.000207218024879, -1.931746263039440, -0.521929187748981, -0.004056114326896, -0.852979173785771, -844.218542103603909, -0.852956435353090, -0.006231632315493, 0.521944907196568, 856.357171964944541, 0.000000000000000, 0.000000000000000, 0.000000000000000, 1.000000000000000
6, -1.570797463500087, 1.201188687947231, 0.000038768998630, 0.000092997578342, -0.000072240922987, -0.000056505634426, -0.000031638346896, 0.610961500167847, 102.978266584396351, 0.858365535736084, -40.977050113677976, 0.666443805694580, 6.613456384658813, -0.124823127746582, -0.006484051994530, 0.999978971525515, -0.000116518266973, -2.412765544367206, -0.356138520425905, -0.002418149703011, -0.934430043834669, -924.953305931470709, -0.934410675954946, -0.006017396346273, 0.356146710784520, 691.968134716372674, 0.000000000000000, 0.000000000000000, 0.000000000000000, 1.000000000000000
7, -1.570789074520505, 1.386038495926624, 0.000039428133130, -0.000048625963736, -0.000072145017144, -0.000015669402382, -0.000031638346896, 0.635157995223999, 108.574378190994267, 0.910307655334473, -43.136169576644896, 0.704740114212036, 6.990262029647827, -0.126992513656616, -0.002481995693481, 0.999994914678122, 0.002002577157643, -2.818740067158630, -0.177873323175265, 0.001529167422254, -0.984052205195224, -974.016570464260781, -0.984050263248766, -0.002798618389400, 0.177868623245206, 515.537026119147981, 0.000000000000000, 0.000000000000000, 0.000000000000000, 1.000000000000000
8, -1.385987113542587, 0.092437442462299, 0.000033825462613, -0.000031069096853, -0.000072959998638, -0.000197889520980, -0.000031937943570, -0.065868236541748, 10.057004320144653, 0.058104743957520, -4.073054513931274, 0.058544931411743, 0.669172115325928, -0.105799282073975, 0.173891577631478, 0.984532086285602, 0.021407715967760, 18.658672852222740, -0.980570589896126, 0.175114273245983, -0.088409895013479, -89.421145877923863, -0.090791175009462, -0.005618040552708, 0.995854105861270, 1325.403311574107875, 0.000000000000000, 0.000000000000000, 0.000000000000000, 1.000000000000000
9, -1.385988072273761, 0.277179961671119, 0.000034904021548, -0.000074302156831, -0.000072912002083, -0.000119812271523, -0.000031848059114, 0.147195344924927, 30.161603212356567, 0.265873222351074, -12.101633491516115, 0.180917043685913, 1.965797386169434, -0.110138053894043, 0.167735611784694, 0.984347274193337, 0.054085195084801, 50.939399335444520, -0.946989914055532, 0.176132348823636, -0.268677312728419, -267.643187894422113, -0.273997932868681, -0.006151380821864, 0.961710607874154, 1291.422949782673413, 0.000000000000000, 0.000000000000000, 0.000000000000000, 1.000000000000000
10, -1.385996101715517, 0.462014999147235, 0.000036072464939, 0.000020133518271, -0.000072720277665, -0.000004104578064, -0.000031818115809, 0.229866703033447, 49.139048709869385, 0.437546329498291, -19.671096954345703, 0.303729343414307, 3.175480344772339, -0.114810577392578, 0.156253873835470, 0.984038747461879, 0.085161437312113, 81.383257523834175, -0.880456512187211, 0.177842567488630, -0.439509216440547, -436.219935711161213, -0.447639427506716, -0.006305924413446, 0.894191913550302, 1224.646650279896221, 0.000000000000000, 0.000000000000000, 0.000000000000000, 1.000000000000000
11, -1.386002543289446, 0.646811597164700, 0.000037151078416, 0.000020373173794, -0.000072672368377, 0.000117565269197, -0.000031758229199, 0.280948192596436, 66.576656147003177, 0.576205377578735, -26.560030612945557, 0.422579956054688, 4.276360256195068, -0.119316225051880, 0.139247396529585, 0.983776722762822, 0.113108453750256, 109.341148935505402, -0.783544931235381, 0.179303845822794, -0.594901228447629, -589.758429800791305, -0.605530761642276, -0.005787108362300, 0.795800858306730, 1127.303232239153431, 0.000000000000000, 0.000000000000000, 0.000000000000000, 1.000000000000000
12, -1.386002872829425, 0.831627939219305, 0.000038529234025, 0.000017257270209, -0.000072384738117, -0.000089552080236, -0.000031698233506, 0.364963800430298, 81.644351318359384, 0.704299926757812, -32.551422052383423, 0.518540821075439, 5.396264013290406, -0.121485610961914, 0.117270693526448, 0.983707818274408, 0.136258991283622, 133.587698933734885, -0.659875403681333, 0.179721844095133, -0.729564603288457, -722.560011084790062, -0.742167121379157, -0.004357409878506, 0.670200698987197, 1003.049946490604611, 0.000000000000000, 0.000000000000000, 0.000000000000000, 1.000000000000000
13, -1.385994274137626, 1.016360002160588, 0.000039368191978, 0.000017856463557, -0.000072240922987, -0.000135961039492, -0.000031638346896, 0.469143154144287, 94.007416042327890, 0.804662666320801, -37.409330797195437, 0.594253063201904, 6.117501390457154, -0.123321245193481, 0.089479021904602, 0.983536455384298, 0.157001737471555, 152.801454570625424, -0.514126657526802, 0.180620149175470, -0.838480853527467, -830.555787477897979, -0.853034163828926, -0.005692331852777, 0.521824024646972, 856.306568597710225, 0.000000000000000, 0.000000000000000, 0.000000000000000, 1.000000000000000
14, -1.385996820791168, 1.201155791272487, 0.000040147154239, 0.000020493056097, -0.000072240922987, -0.000123078000716, -0.000031698288048, 0.499388772964478, 103.015233451843258, 0.881695470809936, -40.971327676773072, 0.653238182067871, 6.684545492172241, -0.125156879425049, 0.060384348967668, 0.983198842243137, 0.172260752963367, 167.704145537720109, -0.350310908240244, 0.182472778369885, -0.918687080959491, -910.101687002704352, -0.934684972580413, -0.004870499535999, 0.355443779333137, 691.692355021913841, 0.000000000000000, 0.000000000000000, 0.000000000000000, 1.000000000000000
15, -1.385995562463320, 1.386031964522780, 0.000041105885413, -0.000037031305196, -0.000072192926432, -0.000110374730853, -0.000031638346896, 0.498044523239136, 108.566312692642214, 0.933197402954102, -43.144533138275150, 0.700778427124023, 7.052172966003418, -0.125991258621216, 0.027119383826719, 0.983440884796208, 0.179188630030230, 176.118006939075968, -0.175466920784902, 0.181154622314592, -0.967674719378533, -958.127783903321415, -0.984111730816742, -0.005198935016830, 0.177474145563704, 515.499263046748752, 0.000000000000000, 0.000000000000000, 0.000000000000000, 1.000000000000000
16, -1.201187429619384, 0.092389685399822, 0.000035473271591, -0.000042723751086, -0.000073055817214, -0.000197799636524, -0.000031878056960, -0.009409748077393, 10.140347803115844, 0.069549617767334, -4.098145198822022, 0.059865493774414, 0.679852169036865, -0.103796772003174, 0.351500716236826, 0.935421222497368, 0.037873248956586, 35.738746296932050, -0.931726660414371, 0.353483995204853, -0.083273617713528, -84.805419204126721, -0.091283496635929, -0.006016779499425, 0.995806769210962, 1325.445451360198376, 0.000000000000000, 0.000000000000000, 0.000000000000000, 1.000000000000000
17, -1.201187459562689, 0.277188620304070, 0.000036372116155, -0.000065583637270, -0.000072864005529, -0.000119962097131, -0.000031788172504, 0.142490470886230, 30.208651952743530, 0.273356409072876, -12.116599864959717, 0.181797418594360, 1.996168788909912, -0.110304929733276, 0.339399507988410, 0.934922853271576, 0.103572353491465, 100.288496583119112, -0.899584402050580, 0.354787290791121, -0.254703517605072, -254.094918601509221, -0.274874294113738, -0.006725825126512, 0.961456647858780, 1291.425848532918963, 0.000000000000000, 0.000000000000000, 0.000000000000000, 1.000000000000000
18, -1.201201331275943, 0.462036630703418, 0.000037510616241, 0.000014950326731, -0.000072768186953, -0.000003535328020, -0.000031908000265, 0.262800821304321, 49.233146190643311, 0.441067829132080, -19.706752138137816, 0.298887281417847, 3.211692401885986, -0.114143074035645, 0.315265224888397, 0.934570921590309, 0.164878835797408, 160.683757575248677, -0.836531695192843, 0.355716776351338, -0.416749682615357, -414.009534146727162, -0.448132302912719, -0.006539689599130, 0.893943326808859, 1224.638503306542134, 0.000000000000000, 0.000000000000000, 0.000000000000000, 1.000000000000000
19, -1.201193122119816, 0.646789006877343, 0.000038589175176, 0.000020133518271, -0.000072624459089, 0.000122718462891, -0.000031758229199, 0.225161828994751, 66.700999246597291, 0.585449314117432, -26.604049358367917, 0.415096769332886, 4.310236051559448, -0.118148094177246, 0.279653367150308, 0.934142253137048, 0.221748157028497, 216.880248637472505, -0.744317325299474, 0.356828558205102, -0.564504295208022, -559.920458089512977, -0.606453389388280, -0.007185468203804, 0.795086571101638, 1127.235619047913588, 0.000000000000000, 0.000000000000000, 0.000000000000000, 1.000000000000000
20, -1.201200582311528, 0.831631174896110, 0.000039907498717, 0.000009407651907, -0.000072432734671, -0.000103543675793, -0.000031698288048, 0.418061664581299, 81.687367309570320, 0.708701801300049, -32.554063177108759, 0.519861383438110, 5.399267778396606, -0.120150604248047, 0.234658084867606, 0.934057110189025, 0.269207908709226, 264.293250414247836, -0.627264969154670, 0.357065400270194, -0.692129293124685, -685.934009487455569, -0.742613117092378, -0.006450956147277, 0.669689587411308, 1003.131535459825045, 0.000000000000000, 0.000000000000000, 0.000000000000000, 1.000000000000000
21, -1.201205226196330, 1.016368870505757, 0.000040626574368, 0.000018186058077, -0.000072336828829, -0.000150971252833, -0.000031698288048, 0.419405914306641, 94.029596162796025, 0.813906602859497, -37.412412109374998, 0.599975500106811, 6.125678306579590, -0.123654996871948, 0.181923681418094, 0.933628287407489, 0.308613018344735, 303.181699056365801, -0.488466170816076, 0.358193079134543, -0.795674882114796, -788.553178146098276, -0.853407624823898, -0.005994915568613, 0.521209638130146, 856.252313633924928, 0.000000000000000, 0.000000000000000, 0.000000000000000, 1.000000000000000
22, -1.201194949697706, 1.201184253774647, 0.000041465423238, -0.000004973424781, -0.000072240922987, -0.000136859884056, -0.000031638346896, 0.450995782852173, 103.031364448547365, 0.890939407348633, -40.992016487121582, 0.666883993148804, 6.697061180114746, -0.125156879425049, 0.122710943659357, 0.932920537916956, 0.338528129169451, 332.183787875012683, -0.333293087400930, 0.360033936832998, -0.871373216377052, -864.163422843994567, -0.934803584822494, -0.005902055681830, 0.355116070520249, 691.535662178887264, 0.000000000000000, 0.000000000000000, 0.000000000000000, 1.000000000000000
23, -1.201194620157727, 1.385963025271860, 0.000042064616587, -0.000082840962020, -0.000072145017144, -0.000123018114106, -0.000031578460286, 0.366980175018311, 108.610000808715824, 0.938479652404785, -43.107557392120363, 0.695496177673340, 7.043495422363281, -0.127660017013550, 0.060196267517488, 0.932583823584329, 0.355898611075958, 349.033284151254520, -0.166793707767369, 0.360929868619778, -0.917556259303659, -909.789910203269983, -0.984152563592747, -0.004128186883227, 0.177275744665988, 515.506325290806217, 0.000000000000000, 0.000000000000000, 0.000000000000000, 1.000000000000000
24, -1.016387805582790, 0.092431450365193, 0.000036132406090, -0.000076609154850, -0.000072959998638, -0.000197559926460, -0.000031908000265, 0.019491621017456, 10.234445283889769, 0.071750555038452, -4.138642444610596, 0.059865493774414, 0.712059206008911, -0.103963647842407, 0.516094864628399, 0.854915434198238, 0.052589838123275, 51.179124924310813, -0.851657817724210, 0.518730619497365, -0.074816481507199, -77.131841923998678, -0.091241724081864, -0.006176144875107, 0.995809621876115, 1325.382506422244660, 0.000000000000000, 0.000000000000000, 0.000000000000000, 1.000000000000000
25, -1.016388105124923, 0.277234010591001, 0.000036971309503, -0.000049914289430, -0.000072816096241, -0.000120860941695, -0.000031878002419, 0.122326725006104, 30.191176706314089, 0.268514347076416, -12.125403614044188, 0.181357231140137, 2.003511325836182, -0.108636171340942, 0.498462077002963, 0.854178160520558, 0.148037927166006, 144.985478185882386, -0.822270468049777, 0.519941094200260, -0.231370991991296, -231.502771309460087, -0.274603050170773, -0.006397550433693, 0.961536393583392, 1291.341002989385061, 0.000000000000000, 0.000000000000000, 0.000000000000000, 1.000000000000000
26, -1.016395954852307, 0.462018324763038, 0.000038289633043, 0.000019594211533, -0.000072768186953, -0.000003145846890, -0.000031758229199, 0.176096714019775, 49.202900571823122, 0.434024829864502, -19.693546514511109, 0.298006906509399, 3.219869318008423, -0.113642446517944, 0.463358906736685, 0.853228894849604, 0.239372046282576, 235.088282407153258, -0.764224592115936, 0.521488362087217, -0.379487366078006, -377.819912708289962, -0.448619322313490, -0.007095153367970, 0.893694781480607, 1224.463690827042683, 0.000000000000000, 0.000000000000000, 0.000000000000000, 1.000000000000000
27, -1.016396913583481, 0.646807732242159, 0.000039368191978, 0.000021391846119, -0.000072576549802, 0.000119063307109, -0.000031698233506, 0.234571577072144, 66.742670988082892, 0.586769876480103, -26.622097043991090, 0.414656581878662, 4.319581098556519, -0.116813087463379, 0.411440554900098, 0.852975507793488, 0.321168885304821, 316.465649107536365, -0.680353154528269, 0.521906473698542, -0.514522320055201, -510.947672862111688, -0.606495057611299, -0.006812915381465, 0.795058066607133, 1126.996071803401946, 0.000000000000000, 0.000000000000000, 0.000000000000000, 1.000000000000000
28, -1.016403594758392, 0.831617962317355, 0.000040386809762, 0.000020103520425, -0.000072384738117, -0.000104981827095, -0.000031728231353, 0.293046440124512, 81.680646060943602, 0.714864425659180, -32.569469738006589, 0.515899696350098, 5.410281583786011, -0.120317480087280, 0.345196169842526, 0.852863490821749, 0.391744138883264, 386.664893934668214, -0.573562639928742, 0.522089770240802, -0.631227510401661, -626.119137592198399, -0.742876505486627, -0.006792483584609, 0.669394024295654, 1002.754510390271889, 0.000000000000000, 0.000000000000000, 0.000000000000000, 1.000000000000000
29, -1.016390412122942, 1.016357155964914, 0.000041255711021, 0.000005632613822, -0.000072288919541, -0.000157952078959, -0.000031728231353, 0.338750930786133, 94.012793041229244, 0.812145853042602, -37.413292484283446, 0.596894187927246, 6.132853967666627, -0.122486865997314, 0.267118651884143, 0.851674453915074, 0.450886072488449, 443.298382148825169, -0.445952879935830, 0.524021097406092, -0.725622435120534, -719.940869383816448, -0.854267905690327, -0.007246655902893, 0.519782484589167, 856.049118778992465, 0.000000000000000, 0.000000000000000, 0.000000000000000, 1.000000000000000
30, -1.016404523546260, 1.201200312658159, 0.000042184498889, 0.000011624656387, -0.000072145017144, -0.000145428578009, -0.000031578460286, 0.317242935180664, 103.031364448547350, 0.888298282623291, -40.994657611846925, 0.661601743698120, 6.703736213684082, -0.122653741836548, 0.179803743456944, 0.849607088558318, 0.495820944404659, 485.019173935093193, -0.303920257027292, 0.527355038915391, -0.793428724145409, -789.208103338215778, -0.935576341731306, -0.008028574095367, 0.353033214854723, 691.616962656339751, 0.000000000000000, 0.000000000000000, 0.000000000000000, 1.000000000000000
31, -1.016393018663094, 1.385975728541723, 0.000042723751086, -0.000071485849920, -0.000072145017144, -0.000129489576799, -0.000031578460286, 0.366980175018311, 108.609328683853150, 0.940680589675903, -43.135289201736448, 0.699898052215576, 7.047500442504883, -0.124489376068115, 0.086493149108524, 0.849707902731267, 0.520110964307927, 510.360071066679666, -0.151965255601392, 0.527210794091939, -0.836035489487708, -830.879337307260698, -0.984594076890215, -0.006727453379863, 0.174726200450097, 515.349594418656011, 0.000000000000000, 0.000000000000000, 0.000000000000000, 1.000000000000000
32, -0.831588241432806, 0.092389775229737, 0.000036911422893, -0.000035443328286, -0.000072864092795, -0.000197739695373, -0.000031937943570, 0.051081489562988, 10.297625020980835, 0.072630929946899, -4.204670562744140, 0.058985118865967, 0.710891075134277, -0.104130523681641, 0.662302862760383, 0.746376696213847, 0.065396829650257, 64.927035784172134, -0.743734356336899, 0.665488639385800, -0.063119553646838, -66.603494824726013, -0.090631811101514, -0.006833607929949, 0.995861022743194, 1325.331852371078185, 0.000000000000000, 0.000000000000000, 0.000000000000000, 1.000000000000000
33, -0.831588900621847, 0.277247253113060, 0.000037810267457, -0.000066632307442, -0.000072816096241, -0.000131706581279, -0.000031937943570, 0.150555969238281, 30.244946695327759, 0.270715284347534, -12.141690549850463, 0.187079668045044, 2.010186359405518, -0.108302419662476, 0.640023102907555, 0.745267108388004, 0.186942143187587, 185.682686006220990, -0.717791436587823, 0.666740717258171, -0.200579833261595, -201.004456445487079, -0.274127490970488, -0.005809742252659, 0.961675811065862, 1291.169167361534619, 0.000000000000000, 0.000000000000000, 0.000000000000000, 1.000000000000000
34, -0.831592495891019, 0.462008467743391, 0.000038798941935, 0.000018815249272, -0.000072672368377, -0.000008209210669, -0.000031758174658, 0.288341566085815, 49.278178556442263, 0.437106142044067, -19.734483947753905, 0.300648031234741, 3.228880613327027, -0.113809322357178, 0.595321176507274, 0.743613756685598, 0.304353869155507, 301.086910523423001, -0.666643773830207, 0.668575696320722, -0.329533939227331, -328.452266037833624, -0.448529570502788, -0.006717079513761, 0.893742751146766, 1224.236604931420288, 0.000000000000000, 0.000000000000000, 0.000000000000000, 1.000000000000000
35, -0.831596450588934, 0.646796017646774, 0.000039937442022, 0.000021391846119, -0.000072624459089, 0.000111663002006, -0.000031788172504, 0.349504928588867, 66.730572740554805, 0.585449314117432, -26.621656856536866, 0.418618268966675, 4.326923635482788, -0.117146839141846, 0.529022138953273, 0.743123676008930, 0.409759415574894, 405.318235052141119, -0.593626880555664, 0.669120288024760, -0.447085189684711, -444.351654196449090, -0.606417927817982, -0.006726240304701, 0.795117635644128, 1126.799264383299942, 0.000000000000000, 0.000000000000000, 0.000000000000000, 1.000000000000000
36, -0.831596450588934, 0.831576047526377, 0.000040986003110, 0.000023878558509, -0.000072192926432, -0.000139106886382, -0.000031788117963, 0.295734939575195, 81.800284286499021, 0.709582176208496, -32.615689420700072, 0.517660446166992, 5.424966657638549, -0.119316225051880, 0.444779835850401, 0.742086109408161, 0.501476922544148, 494.956679931514032, -0.500283577716353, 0.670267183878562, -0.548140715585723, -544.640769672069268, -0.742891135690968, -0.007078731451433, 0.669374821809741, 1002.797567356603508, 0.000000000000000, 0.000000000000000, 0.000000000000000, 1.000000000000000
37, -0.831596989895672, 1.016426215043595, 0.000041854904369, 0.000013182689991, -0.000072192926432, -0.000182639543034, -0.000031638346896, 0.323964183807373, 94.125710018157960, 0.813466415405273, -37.464794416427608, 0.603056812286377, 6.143367145538329, -0.121819362640381, 0.344843501321076, 0.742505866933902, 0.574254296601563, 568.685250669542825, -0.389472733875583, 0.669815719543369, -0.632185013599720, -626.223969502327918, -0.854045636464528, -0.005651497264771, 0.520167387880638, 855.479103290107105, 0.000000000000000, 0.000000000000000, 0.000000000000000, 1.000000000000000
38, -0.831600105799257, 1.201162322621790, 0.000042603923325, -0.000002336886783, -0.000072049111302, -0.000165562041738, -0.000031578405745, 0.348160678863525, 103.069675565719606, 0.891379594802856, -41.015346422195435, 0.661601743698120, 6.693056159973144, -0.122486865997314, 0.234113119063146, 0.743236797129939, 0.626729695223193, 622.616642356747093, -0.265702580654118, 0.669016380011173, -0.694131991706540, -685.845076656299398, -0.935196870245120, -0.004018291773439, 0.354105446463276, 690.885303072596344, 0.000000000000000, 0.000000000000000, 0.000000000000000, 1.000000000000000
39, -0.831600525278234, 1.386036308810908, 0.000043143175522, -0.000099289272122, -0.000071905296172, -0.000145638344768, -0.000031698233506, 0.375717798233032, 108.562279943466194, 0.938479652404785, -43.127365827560425, 0.697697114944458, 7.056845489501953, -0.123321245193481, 0.111742299601986, 0.741232224849318, 0.661882502657829, 654.751801800240969, -0.133765443677368, 0.671211486432082, -0.729096664756760, -722.672342335448207, -0.984693081400218, -0.007066068678252, 0.174153972438120, 515.009899369201207, 0.000000000000000, 0.000000000000000, 0.000000000000000, 1.000000000000000
40, -0.646788617396213, 0.092378539999939, 0.000037450729631, 0.000012373729884, -0.000072864005529, -0.000197140502024, -0.000031908000265, 0.039655366897583, 10.337952512741090, 0.074831867218018, -4.228440685272217, 0.061186056137085, 0.746769380569458, -0.102128013610840, 0.788547004520551, 0.610368694388873, 0.075124420608006, 76.691550983521026, -0.608308400938787, 0.792095388424636, -0.050455772551031, -53.893401629181788, -0.090302331138029, -0.005912067865623, 0.995896850303579, 1325.199331780685725, 0.000000000000000, 0.000000000000000, 0.000000000000000, 1.000000000000000
41, -0.646789875724060, 0.277204799015343, 0.000038289633043, -0.000068250118574, -0.000072720277665, -0.000114389424460, -0.000031848059114, 0.172736089706421, 30.349798173904418, 0.276437721252441, -12.172943859100343, 0.187079668045044, 2.023870178222656, -0.106466785430908, 0.761745872228572, 0.608947067170512, 0.221193796312564, 220.660776975021150, -0.586946337327356, 0.793186784939816, -0.162322892085003, -163.867849896358479, -0.274294045215594, -0.006180095571238, 0.961626010036124, 1290.975323372313596, 0.000000000000000, 0.000000000000000, 0.000000000000000, 1.000000000000000
42, -0.646790385087494, 0.461995045397877, 0.000039308250827, 0.000015339807861, -0.000072624371823, -0.000002576596847, -0.000031908000265, 0.247341949462891, 49.364882663726803, 0.440187454223633, -19.749010133743287, 0.308131217956543, 3.227712482452393, -0.112140563964844, 0.707769166032291, 0.608074061588836, 0.359595249185541, 356.138691663569205, -0.545843501033356, 0.793853169528135, -0.268052266563413, -267.807478859227899, -0.448461458760509, -0.006563600611746, 0.893778070414242, 1224.190377389405285, 0.000000000000000, 0.000000000000000, 0.000000000000000, 1.000000000000000
43, -0.646797695453599, 0.646845122976097, 0.000040386809762, 0.000019863864902, -0.000072432647405, 0.000122718462891, -0.000031818115809, 0.282964567184448, 66.809883474349974, 0.588530626296997, -26.651589603424071, 0.415977144241333, 4.334766799926758, -0.115478080749512, 0.628938085858419, 0.607502629624567, 0.485157128316162, 479.704293021705894, -0.486255181770182, 0.794288273196132, -0.364228001758177, -362.621350469782953, -0.606624086530032, -0.006833305374650, 0.794959447757721, 1126.823585390649669, 0.000000000000000, 0.000000000000000, 0.000000000000000, 1.000000000000000
44, -0.646804796052945, 0.831575957641920, 0.000041405536629, 0.000024837289683, -0.000072288919541, -0.000124995463063, -0.000031698288048, 0.251374698638916, 81.862119773864748, 0.712223300933838, -32.634177293777469, 0.520741758346558, 5.426301664352417, -0.119816852569580, 0.528240327662225, 0.607354654744726, 0.593365384557626, 587.395412587493297, -0.410076523541866, 0.794403068076450, -0.448063623016354, -444.586747784698332, -0.743504809043710, -0.006639939053791, 0.668697622351268, 1002.356172874599224, 0.000000000000000, 0.000000000000000, 0.000000000000000, 1.000000000000000
45, -0.646796946434643, 1.016428821583747, 0.000042334269956, 0.000008928231778, -0.000072192926432, -0.000180092944034, -0.000031578460286, 0.279603942871094, 94.177463632583624, 0.813906602859497, -37.475799102783199, 0.603056812286377, 6.137025863647461, -0.123988748550415, 0.409138250272885, 0.608582062689124, 0.679877757495194, 674.424760903137326, -0.320351275577012, 0.793467651430739, -0.517478643394265, -511.175760833704487, -0.854389227694160, -0.006079400138108, 0.519598006630258, 855.167196576627930, 0.000000000000000, 0.000000000000000, 0.000000000000000, 1.000000000000000
46, -0.646800272050446, 1.201248009888568, 0.000043023347760, 0.000038109864131, -0.000072240922987, -0.000166880365279, -0.000031638346896, 0.333373931884766, 103.153019048690794, 0.895341281890869, -41.059805355072022, 0.660281181335449, 6.715584398269653, -0.123988748550415, 0.277935386810566, 0.607126337920256, 0.744412204737402, 738.142483482180182, -0.218167484045220, 0.794590024405157, -0.566594777615529, -560.292688707672710, -0.935497124348247, -0.004929799118696, 0.353299911430515, 690.651308700846243, 0.000000000000000, 0.000000000000000, 0.000000000000000, 1.000000000000000
47, -0.646793500991079, 1.386034661001929, 0.000043742423411, -0.000071186307787, -0.000072145017144, -0.000152619116352, -0.000031578460286, 0.313210186004639, 108.601263185501097, 0.943761901855469, -43.151135950088502, 0.700338239669800, 7.039991029739380, -0.123321245193481, 0.134401047183644, 0.606149176126942, 0.783912963789074, 776.566972252449204, -0.110387775777459, 0.795325025182893, -0.596047517633231, -590.314625582224835, -0.984759309412633, -0.006424997934674, 0.173803975577931, 514.526753604419241, 0.000000000000000, 0.000000000000000, 0.000000000000000, 1.000000000000000
48, -0.461989263012988, 0.092428154747237, 0.000037750271764, -0.000012403673189, -0.000072816096241, -0.000197320270937, -0.000031937998112, 0.067884611129761, 10.457590738296510, 0.079673929214478, -4.248689308166504, 0.061626243591309, 0.753611289978027, -0.100459255218506, 0.887528190605852, 0.452984974239705, 0.084251551872695, 85.670734219034131, -0.451589349877454, 0.891497571899721, -0.036043562173583, -39.385067881630093, -0.091437246005998, -0.006057426017447, 0.995792416938833, 1325.193371778960682, 0.000000000000000, 0.000000000000000, 0.000000000000000, 1.000000000000000
49, -0.461991360244248, 0.277242309631584, 0.000038589175176, -0.000081133211891, -0.000072816096241, -0.000126493500975, -0.000031878056960, 0.155260843276978, 30.451289028167722, 0.270275096893311, -12.229728040695191, 0.187079668045044, 2.033382101058960, -0.107468040466309, 0.857397333056801, 0.451192028216466, 0.247579415422599, 246.796783571155231, -0.435319169794490, 0.892407112287995, -0.118771908914684, -120.982807456452250, -0.274530569657589, -0.005941347634456, 0.961560017217733, 1290.954395938420248, 0.000000000000000, 0.000000000000000, 0.000000000000000, 1.000000000000000
50, -0.461997292400203, 0.462038727934678, 0.000039727675262, 0.000015219980100, -0.000072672368377, -0.000010845694126, -0.000031818115809, 0.227178203582764, 49.590716617584235, 0.444149141311646, -19.865659809112550, 0.309011592864990, 3.249906969070435, -0.112307439804077, 0.796642501975784, 0.450053732110970, 0.403500139106235, 400.232763922254037, -0.404717359251024, 0.892978564443040, -0.196959748593779, -198.399326808449018, -0.448959444901921, -0.006397003848226, 0.893529235769667, 1223.887956209470303, 0.000000000000000, 0.000000000000000, 0.000000000000000, 1.000000000000000
51, -0.461998311072528, 0.646786789818322, 0.000040806234197, 0.000018995018185, -0.000072432647405, 0.000108457213964, -0.000031818115809, 0.237932201385498, 66.936242948532112, 0.588090438842773, -26.714096221923828, 0.420379018783569, 4.335768054962158, -0.117313714981079, 0.707662965730246, 0.451255736402569, 0.543673971510176, 538.586907183014546, -0.362054078441278, 0.892373269549699, -0.269419360991776, -268.470296286551331, -0.606737151671060, -0.006181274703039, 0.794878494252509, 1126.592242206959781, 0.000000000000000, 0.000000000000000, 0.000000000000000, 1.000000000000000
52, -0.462006610167653, 0.831618501624094, 0.000041705133303, 0.000027353999920, -0.000072336828829, -0.000154776288764, -0.000031818115809, 0.283636692047119, 81.962266378402717, 0.712663488388062, -32.677315664291385, 0.521181945800781, 5.433644201278686, -0.119483100891113, 0.594490098455014, 0.450417160516301, 0.666112531297364, 659.520187496211065, -0.305529006477350, 0.892792860544364, -0.331018027246215, -329.530236847853530, -0.743796712173368, -0.006729760281410, 0.668372023117846, 1002.022419105525501, 0.000000000000000, 0.000000000000000, 0.000000000000000, 1.000000000000000
53, -0.461996004129050, 1.016407010258651, 0.000042484041022, 0.000021871157164, -0.000072097107857, -0.000164633253869, -0.000031578460286, 0.229866703033447, 94.197627378463750, 0.809944915771484, -37.500009412765507, 0.597334375381470, 6.138360870361328, -0.121986238479614, 0.461118886524848, 0.449609091528575, 0.764997409998840, 757.056460275120116, -0.238473372822433, 0.893200693668617, -0.381212501479943, -379.273090576134450, -0.854692823735392, -0.006647228351065, 0.519091505816144, 855.010680541403076, 0.000000000000000, 0.000000000000000, 0.000000000000000, 1.000000000000000
54, -0.462006370512131, 1.201161064348484, 0.000043382885586, 0.000029181577811, -0.000072145017144, -0.000122179156152, -0.000031578460286, 0.291702190399170, 103.170494295120250, 0.891379594802856, -41.047039918899536, 0.661161556243896, 6.708241861343383, -0.123654996871948, 0.312824151724217, 0.450563306110615, 0.836142187241319, 828.309119058558622, -0.164091936184521, 0.892724826650114, -0.419662031117587, -415.465031737478057, -0.935529201349290, -0.005923771534767, 0.353199691893360, 690.761596549889305, 0.000000000000000, 0.000000000000000, 0.000000000000000, 1.000000000000000
55, -0.461993457475508, 1.386036728235343, 0.000043922192324, -0.000083320327607, -0.000072097107857, -0.000091259884907, -0.000031488575830, 0.268177820205688, 108.622771181106572, 0.942001152038574, -43.145413513183591, 0.704740114212036, 7.044162925720215, -0.123821872711182, 0.153994243405026, 0.450286752675043, 0.879504186097757, 871.956446753729665, -0.083170293340716, 0.892870025429271, -0.442567305610742, -437.807302753630040, -0.984565119889859, -0.004995803768811, 0.174947325332429, 513.886126104382015, 0.000000000000000, 0.000000000000000, 0.000000000000000, 1.000000000000000
56, -0.277189519148633, 0.092385520826065, 0.000037930040676, 0.000054348462014, -0.000072864005529, -0.000197260384327, -0.000031937998112, 0.051753614425659, 10.550343969345093, 0.073951492309570, -4.301071615219116, 0.069549617767334, 0.725409273147583, -0.103129268646240, 0.955751525407390, 0.280017212186321, 0.090163088682938, 91.713576718505863, -0.279370872279963, 0.959975582156318, -0.019969911997103, -23.402013014587091, -0.092146282632450, -0.006102666879325, 0.995726779821644, 1325.206861542326578, 0.000000000000000, 0.000000000000000, 0.000000000000000, 1.000000000000000
57, -0.277190417938656, 0.277204139880844, 0.000038948767543, 0.000088653290214, -0.000072816096241, -0.000136170751710, -0.000031818115809, 0.174752464294434, 30.601172872543334, 0.276877908706665, -12.309842157363892, 0.189720792770386, 2.046732168197632, -0.106633661270142, 0.922223116216588, 0.279485871645134, 0.267193135141092, 265.827822920083236, -0.270425000831389, 0.960125356459462, -0.070919805477279, -73.845502625353703, -0.276359987771583, -0.006851819783941, 0.961029765264604, 1290.939524988228868, 0.000000000000000, 0.000000000000000, 0.000000000000000, 1.000000000000000
58, -0.277195061823458, 0.462009426474564, 0.000039967385327, 0.000020912425990, -0.000072672368377, -0.000013841769949, -0.000031758174658, 0.230538827896118, 49.601470615386965, 0.440187454223633, -19.851133623123168, 0.309011592864990, 3.253244485855102, -0.111473060607910, 0.856971829021183, 0.278478614970948, 0.433646106021894, 430.216854654359338, -0.251333657175702, 0.960423145720732, -0.120078199247745, -121.726560848425834, -0.449922967889811, -0.006086227711575, 0.893046628568446, 1223.810434547120849, 0.000000000000000, 0.000000000000000, 0.000000000000000, 1.000000000000000
59, -0.277194552514566, 0.646832000281798, 0.000041105885413, 0.000019054959336, -0.000072432647405, 0.000105371308226, -0.000031698288048, 0.256751697540283, 67.010848808288586, 0.583688564300537, -26.735665407180786, 0.420379018783569, 4.337269937515259, -0.115144329071045, 0.762097104754615, 0.278426742419794, 0.584539606896004, 579.808806154590343, -0.224703567295448, 0.960438906880802, -0.164515692243356, -165.330698306423272, -0.607220149343986, -0.005971202149648, 0.794511192479725, 1126.114234833692080, 0.000000000000000, 0.000000000000000, 0.000000000000000, 1.000000000000000
60, -0.277201952710586, 0.831598787584799, 0.000042244385499, 0.000025825964161, -0.000072288919541, -0.000118164462545, -0.000031638346896, 0.293718564987183, 82.024101865768444, 0.712663488388061, -32.705047473907470, 0.518981008529663, 5.437816097259521, -0.119149349212646, 0.641288021759411, 0.277353192608847, 0.715419373303227, 709.232917353348171, -0.189835516045290, 0.960748784502380, -0.202297429358404, -203.189563833469464, -0.743446131199645, -0.006081087639551, 0.668768173866999, 1001.624550501301428, 0.000000000000000, 0.000000000000000, 0.000000000000000, 1.000000000000000
61, -0.277201563229455, 1.016429061239269, 0.000042903574540, 0.000022080923923, -0.000072240922987, -0.000177276637123, -0.000031608349050, 0.321947809219360, 94.181496381759644, 0.810825290679932, -37.487684164047238, 0.599535312652588, 6.153379695892333, -0.121819362640381, 0.498833422261373, 0.277934636110155, 0.820924816828754, 813.664960189295357, -0.149218586542119, 0.960584254598414, -0.234545738072516, -233.827098930631990, -0.853755837617160, -0.005497987625002, 0.520644544643172, 854.845462467123184, 0.000000000000000, 0.000000000000000, 0.000000000000000, 1.000000000000000
62, -0.277205458149843, 1.201238901887877, 0.000043622541108, 0.000010186614168, -0.000072049111302, -0.000165112619456, -0.000031548462440, 0.312538061141968, 103.126806179046639, 0.892700157165527, -41.043958606719968, 0.664242868423462, 6.712413757324219, -0.124322500228882, 0.338914194278602, 0.276782840670435, 0.899182088359689, 890.796058721469535, -0.102944607749649, 0.960916924466596, -0.256984575429986, -256.645065758570070, -0.935168207678040, -0.005470227057816, 0.354161686188920, 690.286665325779268, 0.000000000000000, 0.000000000000000, 0.000000000000000, 1.000000000000000
63, -0.277200274958303, 1.385979863117633, 0.000044281730149, -0.000015399694471, -0.000072001202014, -0.000151540502876, -0.000031548462440, 0.321275684356689, 108.685278793334959, 0.935838527679443, -43.186350946426387, 0.703419551849365, 7.054342351913452, -0.124990003585815, 0.167390812237584, 0.277002548863386, 0.946176465518790, 937.696267418038133, -0.053269145243697, 0.960856728264290, -0.271876343057372, -270.623756846046774, -0.984450463021603, -0.004892409675331, 0.175594277196385, 513.556636103101368, 0.000000000000000, 0.000000000000000, 0.000000000000000, 1.000000000000000
64, -0.092390014885260, 0.092389026210781, 0.000038349574195, 0.000046888270301, -0.000072912002083, -0.000197619922153, -0.000031937998112, 0.018819496154785, 10.652506948471069, 0.078793554306030, -4.360937108993530, 0.065587930679321, 0.738926216125488, -0.102962392807007, 0.990725219021624, 0.099556489599627, 0.092477271657178, 94.955513644224212, -0.099666630749622, 0.995014945544481, -0.003438147485411, -6.479496645454000, -0.092358557316442, -0.005810638666476, 0.995708859742000, 1325.176184067309350, 0.000000000000000, 0.000000000000000, 0.000000000000000, 1.000000000000000
65, -0.092390044828565, 0.277225981149244, 0.000039248364217, 0.000090241267124, -0.000072864005529, -0.000125444885345, -0.000031937998112, 0.111572727203369, 30.761810714721680, 0.275117158889771, -12.374109525680542, 0.190601167678833, 2.051905319213867, -0.109303674697876, 0.956437584406388, 0.100198211540115, 0.274203328825592, 275.288821061463693, -0.097837497396131, 0.994952344491790, -0.022308211348121, -23.999447913501935, -0.275054487762217, -0.005490955695761, 0.961412959225853, 1290.663821106179284, 0.000000000000000, 0.000000000000000, 0.000000000000000, 1.000000000000000
66, -0.092394029633408, 0.462021590437689, 0.000040326923152, 0.000013002921079, -0.000072672368377, -0.000012883038776, -0.000031698233506, 0.144506845474243, 49.726485839843747, 0.436665954589844, -19.901314992904663, 0.305930280685425, 3.259752643585205, -0.112974943161011, 0.888713850241531, 0.098051612430785, 0.447854411263969, 445.671358505198498, -0.090113683216419, 0.995165312350443, -0.039057972190269, -41.049288915068196, -0.449518872224564, -0.005646449695876, 0.893252988307225, 1223.550251966418500, 0.000000000000000, 0.000000000000000, 0.000000000000000, 1.000000000000000
