number, theta_1, theta_2, theta_3, theta_4, theta_5, theta_6, theta_7, tau_1, tau_2, tau_3, tau_4, tau_5, tau_6, tau_7, m_00, m_01, m_02, m_03, m_10, m_11, m_12, m_13, m_20, m_21, m_22, m_23, m_30, m_31, m_32, m_33
0, 0.000331543616995, 0.000283097367630, 0.001158574972507, 0.001609031961920, -0.002139519715094, 0.000873949623660, -0.000002277000173, -0.004032749176025, 0.159293592453003, 0.009243936538696, -0.230658226013184, -0.033454246520996, -0.040717704772949, -0.022361362457275, 0.954878818485388, -0.296994743840623, 0.000751091866126, 2.402905556711266, 0.296984633261019, 0.954862030132068, 0.006215385658525, 2.500145721663168, -0.002563125975630, -0.005711877371637, 0.999980402229026, 1327.855596387197693, 0.000000000000000, 0.000000000000000, 0.000000000000000, 1.000000000000000
1, -1.570803515538344, 0.277246054726364, 0.000027503770986, -0.000049375037233, -0.000054935634407, 0.000074422039134, -0.000002696424608, 0.206342332839966, 23.596959678649903, 0.311652717590332, -8.232385768890381, 0.074391679763794, 1.055656558990478, -0.035377677917480, 0.296147953603260, 0.955123434430130, 0.005967795153504, 1.536696223159258, -0.917786720334395, 0.286290404345730, -0.275146034602342, -271.207495793105409, -0.264506948026769, 0.076006771947974, 0.961383921783391, 1289.971799945443991, 0.000000000000000, 0.000000000000000, 0.000000000000000, 1.000000000000000
2, -1.570801538189387, 0.462042802514895, 0.000025106943052, 0.000009827076342, -0.000047361603594, 0.000068609656399, -0.000002636537998, 0.293718564987183, 38.609540611267093, 0.485086574554443, -13.476338911056519, 0.204687166213989, 1.600839925765991, -0.039048946380615, 0.296713437061655, 0.954952673261116, 0.005150543515713, 0.603823654960903, -0.853040517572576, 0.267465075669970, -0.448089621254910, -441.957423188585039, -0.429281972189110, 0.128560589327776, 0.893973804551970, 1223.569492869223268, 0.000000000000000, 0.000000000000000, 0.000000000000000, 1.000000000000000
3, -1.570801538189387, 0.646773097819439, 0.000025526422029, -0.000083050728780, -0.000043334954481, 0.000072234923417, -0.000002636537998, 0.342111555099487, 52.385411796569826, 0.640472745895386, -18.223320417404175, 0.327939653396606, 2.130837591171264, -0.040050201416016, 0.296738862229047, 0.954949468905148, 0.004190403415742, -0.297718472314273, -0.759084647733611, 0.238534201779653, -0.605716049115824, -597.497860889453364, -0.579427773944389, 0.176558620347803, 0.795669848846071, 1126.731246360517844, 0.000000000000000, 0.000000000000000, 0.000000000000000, 1.000000000000000
4, -1.570797014077804, 0.831626411238088, 0.000026185556529, 0.000037330847328, -0.000040458826410, 0.000076998690522, -0.000002576596847, 0.415373165130615, 64.327726356506346, 0.775610294342041, -22.431512479782103, 0.426981830596924, 2.620785055160523, -0.041718959808350, 0.297608301339560, 0.954686551668665, 0.001699128239531, -0.885065064582932, -0.639506070901832, 0.200676644774025, -0.742132649545849, -732.220774336202794, -0.708845035429806, 0.219778234375546, 0.670250880970166, 1003.008940621312490, 0.000000000000000, 0.000000000000000, 0.000000000000000, 1.000000000000000
5, -1.570794886848698, 1.016447367125108, 0.000026724808725, 0.000078616501654, -0.000037918063354, 0.000081432808565, -0.000002456769086, 0.450323657989502, 74.017078376770030, 0.880374908447266, -25.800267066955566, 0.517220258712769, 2.960210512161255, -0.042052711486816, 0.297962644682389, 0.954577368242563, 0.000557147179086, -1.723488675401434, -0.498158728224235, 0.155993541545164, -0.852938389621554, -841.835309045812437, -0.814282594599620, 0.253866230592609, 0.522011295947522, 856.660420375354533, 0.000000000000000, 0.000000000000000, 0.000000000000000, 1.000000000000000
6, -1.570791351520678, 1.201200132889247, 0.000027264115463, 0.000003954806997, -0.000036096463216, 0.000086556058954, -0.000002396882476, 0.541060514450073, 81.177896663665763, 0.961809587478638, -28.262675685882567, 0.577085752487183, 3.254579492568970, -0.044388973236084, 0.299198026515351, 0.954190283193069, 0.001201827462777, -2.106172958320197, -0.339231032174034, 0.107547107911271, -0.934535139194916, -922.595578724456686, -0.891853602190101, 0.279203372185675, 0.355868837102504, 692.817628726729367, 0.000000000000000, 0.000000000000000, 0.000000000000000, 1.000000000000000
7, -1.570797823037912, 1.386034511230863, 0.000027683539899, -0.000063965826139, -0.000034993938729, 0.000091559481581, -0.000002366884629, 0.533667140960693, 85.557462268829340, 1.013751707077026, -29.747868156433107, 0.619783935546875, 3.442648563385010, -0.043387718200684, 0.300727200855903, 0.953710161303782, -0.000280875930839, -2.626728427471183, -0.169095092777029, 0.053029804789103, -0.984172083226687, -971.606561215782563, -0.938600021449020, 0.296014810490869, 0.177215212964220, 517.005132881716804, 0.000000000000000, 0.000000000000000, 0.000000000000000, 1.000000000000000
8, -1.385988431811586, 0.092387707941782, 0.000001557979063, -0.000013242576601, -0.000034418765475, -0.000039577904196, -0.000002816306911, -0.247341949462891, 7.994253116607666, 0.101243114471436, -2.856816577911377, -0.015406560897827, 0.444557235717773, -0.035043926239014, 0.465211274148226, 0.884906914625687, 0.022764508627071, 19.408881541637797, -0.880631015684885, 0.465266600680960, -0.089532142298683, -89.049178208072604, -0.089819177346445, 0.021604229642165, 0.995723743134800, 1323.667222363996871, 0.000000000000000, 0.000000000000000, 0.000000000000000, 1.000000000000000
9, -1.385987233424890, 0.277214416379468, -0.000000778962261, 0.000063816000531, -0.000034179044502, -0.000046918213606, -0.000002816306911, -0.070573110580444, 23.725335527420043, 0.306370468139648, -8.386451377868653, 0.117970237731934, 1.025452032089234, -0.037880815505981, 0.459620377110316, 0.886328858162057, 0.056305098651150, 51.581632345037484, -0.847839741724822, 0.456769619640964, -0.269312619320070, -266.638155732252415, -0.264418004865322, 0.076043867354276, 0.961405455019290, 1289.934088369271876, 0.000000000000000, 0.000000000000000, 0.000000000000000, 1.000000000000000
10, -1.385996910675624, 0.462025455360230, 0.000000239655523, 0.000002996075824, -0.000033555874693, -0.000041165826564, -0.000002636537998, -0.001344249725342, 38.772194828033449, 0.479804325103760, -13.585505399703980, 0.242543287277222, 1.609517469406128, -0.038548318862915, 0.447596900338382, 0.889997940875309, 0.086952171020519, 82.069946800421064, -0.784405351728748, 0.437451667909043, -0.439709315824553, -434.696579518424869, -0.429377757908781, 0.128606778520052, 0.893921158454101, 1223.460174778815144, 0.000000000000000, 0.000000000000000, 0.000000000000000, 1.000000000000000
11, -1.385996910675624, 0.646778490777738, 0.000001557979063, -0.000048805787190, -0.000033028523461, -0.000033795519308, -0.000002636537998, 0.159293592453003, 52.470771654129024, 0.634310121536255, -18.293310222625735, 0.351709775924683, 2.138347003936768, -0.040217077255249, 0.430611867078530, 0.895216105907066, 0.114723771101424, 109.168620883743998, -0.692042819441547, 0.409099578400248, -0.594738825882533, -587.588980527458034, -0.579353222128380, 0.176707834227374, 0.795691011217379, 1126.694654370423905, 0.000000000000000, 0.000000000000000, 0.000000000000000, 1.000000000000000
12, -1.386001494619275, 0.831605738467621, 0.000002786363606, -0.000022979768487, -0.000032213541967, -0.000024387867401, -0.000002516655695, 0.176096714019775, 64.366709598541263, 0.769447669982910, -22.431952667236327, 0.451632328033447, 2.600092451095581, -0.041885835647583, 0.409252915496395, 0.901766038881934, 0.139032594296761, 133.698649495195866, -0.573866657480536, 0.372859016350497, -0.729145536472834, -720.401553452439998, -0.709358238543698, 0.218618766452761, 0.670087102073197, 1002.912288616896490, 0.000000000000000, 0.000000000000000, 0.000000000000000, 1.000000000000000
13, -1.385993585005280, 1.016447367125108, 0.000003864922541, -0.000079994657263, -0.000031350651186, -0.000014321135536, -0.000002456769086, 0.291030065536499, 74.039930622100826, 0.872011346817017, -25.782219381332396, 0.529545507431030, 2.990915666580200, -0.044889600753784, 0.384116070558610, 0.909586146698903, 0.158454681445691, 153.081646148594274, -0.434225231871887, 0.329427173436816, -0.838406933062481, -828.309278253214643, -0.814802609436432, 0.253240555865115, 0.521503526853566, 856.503971859528747, 0.000000000000000, 0.000000000000000, 0.000000000000000, 1.000000000000000
14, -1.386003232312709, 1.201165019155481, 0.000004793655868, 0.000099409154425, -0.000030631662802, -0.000005992097106, -0.000002456769086, 0.264817195892334, 81.161093542098996, 0.954326400756836, -28.307574806213378, 0.590731563568115, 3.251075099945068, -0.045390228271484, 0.356310280373745, 0.917984225870957, 0.174206616269542, 167.354562596550835, -0.277991072744036, 0.282150354592206, -0.918211381370386, -907.747400590170855, -0.892056022665956, 0.278740270602567, 0.355724491664271, 692.760550521114055, 0.000000000000000, 0.000000000000000, 0.000000000000000, 1.000000000000000
15, -1.385994783501059, 1.386028728791433, 0.000005213189387, -0.000039188423066, -0.000030104311569, 0.000002336941324, -0.000002426771239, 0.284308816909790, 85.591740636825563, 1.004947957992554, -29.772518653869628, 0.628587684631348, 3.456666133880615, -0.043888345718384, 0.326891306206946, 0.927286743698208, 0.182431819833851, 175.564178245179335, -0.110721459206865, 0.229285073365280, -0.967041422899237, -955.983761903007576, -0.938553585256281, 0.295918316589987, 0.177621838491580, 516.992270590479961, 0.000000000000000, 0.000000000000000, 0.000000000000000, 1.000000000000000
16, -1.201187729270599, 0.092386209903870, -0.000005542674824, -0.000029001808898, -0.000030152308123, -0.000074811574806, -0.000002876248062, -0.162654216766357, 8.035924858093262, 0.100802927017212, -2.878825950622558, -0.011885061264038, 0.420193363189697, -0.034376422882080, 0.616574360662933, 0.786371968160371, 0.038146893250693, 36.018103489164680, -0.782308046312659, 0.617393776367834, -0.082577512536623, -84.229968259600639, -0.088488295539958, 0.021072555465557, 0.995854291027851, 1323.588041449474076, 0.000000000000000, 0.000000000000000, 0.000000000000000, 1.000000000000000
17, -1.201188418348404, 0.277218850552052, -0.000005392849216, 0.000006171866019, -0.000029912674417, -0.000075230999241, -0.000002816306911, -0.048392990112305, 23.747515647888182, 0.306810655593872, -8.383370065689085, 0.118410425186157, 1.032627693176269, -0.037547063827515, 0.606409652572813, 0.788333226401427, 0.103913701781990, 100.175529825372493, -0.749967564182128, 0.610471161809958, -0.254702990310530, -252.904078818145166, -0.264227148380417, 0.076522446052878, 0.961419954707014, 1289.808033849381218, 0.000000000000000, 0.000000000000000, 0.000000000000000, 1.000000000000000
18, -1.201194440388815, 0.461999479515919, -0.000004254349130, -0.000077987365001, -0.000029720862732, -0.000069448559811, -0.000002636537998, 0.018147371292114, 38.739932834625243, 0.472761325836182, -13.551170778274535, 0.238141412734985, 1.631044452667236, -0.039883325576782, 0.584051628467017, 0.794741970491267, 0.165132963470908, 160.340851265782163, -0.689096283148875, 0.592969572604214, -0.416573401114355, -412.417684810275318, -0.428987188428083, 0.129507861943721, 0.893978582438827, 1223.361564023150549, 0.000000000000000, 0.000000000000000, 0.000000000000000, 1.000000000000000
19, -1.201192942350903, 0.646781366916718, -0.000003055962434, -0.000011055460885, -0.000029529138314, -0.000062737441596, -0.000002576596847, 0.146523220062256, 52.480181402206419, 0.637391433715820, -18.318841094970704, 0.355671463012695, 2.145522665023804, -0.041218332290649, 0.550064183326544, 0.805027379960582, 0.222171806796233, 216.289197362148911, -0.601125187759204, 0.566345833653436, -0.563827017217919, -557.907027500006393, -0.579722263556234, 0.176587978688229, 0.795448793399073, 1126.489704334449925, 0.000000000000000, 0.000000000000000, 0.000000000000000, 1.000000000000000
20, -1.201204656946287, 0.831613348430400, -0.000001917462347, -0.000080773728607, -0.000029145689478, -0.000054857770906, -0.000002516655695, 0.156605093002319, 64.354611351013176, 0.768567295074463, -22.434153604507447, 0.452512702941895, 2.640977031707764, -0.044722724914551, 0.507770844018540, 0.818117391832162, 0.269912399023165, 263.743107071951329, -0.489108700293966, 0.531686502652985, -0.691434843057092, -683.760118483402493, -0.709183649883052, 0.219073951163479, 0.670123238412290, 1002.830105556742069, 0.000000000000000, 0.000000000000000, 0.000000000000000, 1.000000000000000
21, -1.201197676120161, 1.016447367125108, -0.000000778962261, 0.000022380575139, -0.000028810062663, -0.000046558730322, -0.000002486712390, 0.214407831192017, 74.053373119354248, 0.875092658996582, -25.807750253677369, 0.533947381973267, 2.991416294097900, -0.044388973236084, 0.456614984302136, 0.834038824267426, 0.309648180562022, 303.051504119453568, -0.356609874865123, 0.490450610429016, -0.795165137489369, -786.373172277802837, -0.815065735544957, 0.252660717849878, 0.521373578536679, 856.366583647810330, 0.000000000000000, 0.000000000000000, 0.000000000000000, 1.000000000000000
22, -1.201198245370204, 1.201188927657296, -0.000000029943305, 0.000091948962712, -0.000028378704539, -0.000037450729631, -0.000002486712390, 0.317915060043335, 81.216207780838005, 0.956967525482178, -28.304493494033814, 0.591171751022339, 3.243231935501099, -0.046057731628418, 0.400407235866870, 0.851316606169346, 0.339019293736742, 331.689415572926919, -0.208155377227384, 0.444802702206546, -0.871103837117643, -861.792675203610315, -0.892381860190344, 0.278227590598167, 0.355308349793754, 692.528194317395787, 0.000000000000000, 0.000000000000000, 0.000000000000000, 1.000000000000000
23, -1.201190365699514, 1.386033162964017, 0.000000599193348, -0.000083919575497, -0.000027803444018, -0.000023429190769, -0.000002486712390, 0.237260076522827, 85.594429136276247, 1.000986270904541, -29.769877529144289, 0.629027872085571, 3.444817949295044, -0.045557104110718, 0.339966155717477, 0.870048508208294, 0.356985442744102, 348.837375351516698, -0.048823580902505, 0.395411700581712, -0.917205454078275, -907.805395006980916, -0.939169458039675, 0.294389504581261, 0.176905479502086, 516.645792077031956, 0.000000000000000, 0.000000000000000, 0.000000000000000, 1.000000000000000
24, -1.016387805582790, 0.092358676189579, -0.000008089382908, -0.000026125615377, -0.000028186892855, -0.000084908249976, -0.000002666481303, -0.120982475280762, 8.138087837219238, 0.101243114471436, -2.885428762435913, -0.011004686355591, 0.414185832977295, -0.035878305435181, 0.751689049181861, 0.657414144808680, 0.052632837141287, 51.342061923684213, -0.653475561228517, 0.753204746178497, -0.075181787763131, -76.676449221748584, -0.089068873447144, 0.022119053769509, 0.995779836732598, 1323.487495707672906, 0.000000000000000, 0.000000000000000, 0.000000000000000, 1.000000000000000
25, -1.016387835526095, 0.277200874151651, -0.000007729845082, 0.000067650979767, -0.000027947171882, -0.000084488770999, -0.000002636537998, -0.035622617721558, 23.760286020278933, 0.304169530868530, -8.400537376403808, 0.116649675369263, 1.044309001922608, -0.039215822219849, 0.733288838516445, 0.663232885743607, 0.149698425427291, 145.333927449815150, -0.626420056615222, 0.744618850999166, -0.230522622332091, -230.532766810141595, -0.264358453576550, 0.075265569850292, 0.961483074223216, 1289.780851910510364, 0.000000000000000, 0.000000000000000, 0.000000000000000, 1.000000000000000
26, -1.016389243625009, 0.461991180475336, -0.000006591344996, 0.000020433114945, -0.000027707450910, -0.000078856211718, -0.000002516655695, 0.010081872940063, 38.799751947402953, 0.478043575286865, -13.602232522964478, 0.242983474731445, 1.634381969451904, -0.039215822219849, 0.699701563913606, 0.673260640639494, 0.239035209169176, 234.181191185817141, -0.570970230431808, 0.728075388058218, -0.379340513608187, -376.202456530852885, -0.429430689887788, 0.128943162166799, 0.893847270797940, 1223.231255396287224, 0.000000000000000, 0.000000000000000, 0.000000000000000, 1.000000000000000
27, -1.016389423393922, 0.646821124589826, -0.000005213189387, -0.000078436732741, -0.000027515813758, -0.000072504576787, -0.000002486712390, 0.098130229949951, 52.571590383529660, 0.634750308990478, -18.329405593872067, 0.358312587738037, 2.161208993911743, -0.044889600753784, 0.650745853258331, 0.688020993334203, 0.321180552335449, 315.450669798002707, -0.490362694831443, 0.703767625335558, -0.514057931606151, -509.073768969324249, -0.579719123356072, 0.177026106156595, 0.795353692236543, 1126.230242249898311, 0.000000000000000, 0.000000000000000, 0.000000000000000, 1.000000000000000
28, -1.016390561894008, 0.831594473239976, -0.000003834924695, -0.000043832307868, -0.000027228183498, -0.000065014387227, -0.000002486712390, 0.135769222259521, 64.394266717910767, 0.769887857437134, -22.462325601577760, 0.456034202575684, 2.629796350479126, -0.044722724914551, 0.588383117847868, 0.707042497444784, 0.392296078795933, 385.665939514325146, -0.387693869014775, 0.672446849940603, -0.630482908517999, -624.081676805432380, -0.709576472665192, 0.218874714875892, 0.669772415547267, 1002.505721396663716, 0.000000000000000, 0.000000000000000, 0.000000000000000, 1.000000000000000
29, -1.016391011316290, 1.016447427066259, -0.000002816306911, 0.000086705884562, -0.000026988462525, -0.000057344483296, -0.000002456769086, 0.127031599044800, 74.097733360290533, 0.877733783721924, -25.861893310546876, 0.536148319244385, 3.001095092773438, -0.044555849075317, 0.514318378100514, 0.729811616274036, 0.450390509113520, 442.419282112634448, -0.266575826312404, 0.635208750797102, -0.724877349443783, -717.793447759345213, -0.815115902662876, 0.252754520557525, 0.521249669125862, 856.154130379185972, 0.000000000000000, 0.000000000000000, 0.000000000000000, 1.000000000000000
30, -1.016393198486548, 1.201168554483502, -0.000002097231260, -0.000022590232815, -0.000026557017134, -0.000048895617105, -0.000002516655695, 0.172063964843750, 81.233683027267460, 0.958288087844849, -28.293048620223999, 0.596894187927246, 3.258417636871338, -0.045557104110718, 0.431985342834458, 0.755112501909924, 0.493146806778196, 484.289280237787182, -0.130542283994053, 0.593392073915220, -0.794257237111637, -786.724150638402875, -0.892382975894213, 0.278730974371221, 0.354910789157302, 692.224885493200873, 0.000000000000000, 0.000000000000000, 0.000000000000000, 1.000000000000000
31, -1.016399490234869, 1.386027380579129, -0.000001498037912, -0.000022889884031, -0.000026269474141, -0.000038139807436, -0.000002396827934, 0.188194961547852, 85.589724262237553, 1.001426458358765, -29.783523340225219, 0.634750308990478, 3.423290966033936, -0.046558359146118, 0.341724967939175, 0.782699869171517, 0.520197040635430, 509.426599762682713, 0.014824514310868, 0.548960676413884, -0.835716704108909, -828.854025849066147, -0.939683074266221, 0.293296932391221, 0.175990424135755, 516.627254581518969, 0.000000000000000, 0.000000000000000, 0.000000000000000, 1.000000000000000
32, -0.831588181546196, 0.092376802361046, -0.000009587420819, -0.000003115849044, -0.000026652922977, -0.000091978906017, -0.000002756420301, -0.074605859756470, 8.159595832824706, 0.103003864288330, -2.951897068023682, -0.009243936538696, 0.407177047729492, -0.035210802078247, 0.859691174847674, 0.506508971331748, 0.066179648302791, 64.904106166883508, -0.502916416289005, 0.861959939793923, -0.064032338841245, -66.422326693369953, -0.089477159745102, 0.021765205050968, 0.995751029993461, 1323.497107793967416, 0.000000000000000, 0.000000000000000, 0.000000000000000, 1.000000000000000
33, -0.831588121605045, 0.277156352820520, -0.000008988172930, -0.000010785807516, -0.000026365292716, -0.000091439653820, -0.000002696479150, 0.003360624313354, 23.797925012588500, 0.304169530868530, -8.407580375671387, 0.121051549911499, 1.047980270385742, -0.038047691345215, 0.837201387302091, 0.513172121116678, 0.189071973618683, 185.614198227723563, -0.478849485838822, 0.854843764628115, -0.199863223201087, -200.377795772709050, -0.264191231897181, 0.076788750380780, 0.961408592016739, 1289.601119812273737, 0.000000000000000, 0.000000000000000, 0.000000000000000, 1.000000000000000
34, -0.831589499760654, 0.461987615149469, -0.000007669958472, 0.000060040962446, -0.000026269474141, -0.000085687157695, -0.000002636537998, 0.069228860855103, 38.773539077758791, 0.478043575286865, -13.628643770217895, 0.246945161819458, 1.635550100326538, -0.041718959808350, 0.793739077513265, 0.526293616936585, 0.304948037541149, 299.753258477952897, -0.430988833919912, 0.840400578187424, -0.328596246507165, -327.247229740877742, -0.429216614152743, 0.129390482470894, 0.893885451935093, 1223.059292267280625, 0.000000000000000, 0.000000000000000, 0.000000000000000, 1.000000000000000
35, -0.831589409876198, 0.646820345627565, -0.000006411576083, 0.000000539306738, -0.000026125571744, -0.000079335577305, -0.000002486712390, 0.104179353713989, 52.643507743835450, 0.639152183532715, -18.387510337829589, 0.363154649734497, 2.167049648284912, -0.043554594039917, 0.730407298337544, 0.545969622519122, 0.410392921261537, 403.302451901631173, -0.361519120414014, 0.818823530335684, -0.445905765542099, -442.643186654562271, -0.579490383104266, 0.177327937604130, 0.795453140313580, 1126.288784781300137, 0.000000000000000, 0.000000000000000, 0.000000000000000, 1.000000000000000
36, -0.831604659854144, 0.831636268257736, -0.000005123304930, -0.000079215695002, -0.000025981843880, -0.000072324807874, -0.000002486712390, 0.127031599044800, 64.423840211868281, 0.775610294342041, -22.475971412658694, 0.463517389297485, 2.646984561920166, -0.044055221557617, 0.649197017200413, 0.571091881680555, 0.502391575901358, 493.592790668849261, -0.272582692412460, 0.791312631147417, -0.547286940812337, -542.850151719243286, -0.710099928640513, 0.218353801123577, 0.669387562537298, 1002.553295686088973, 0.000000000000000, 0.000000000000000, 0.000000000000000, 1.000000000000000
37, -0.831596510584627, 1.016437270449938, -0.000004134575910, 0.000011864366451, -0.000025598220511, -0.000064894614007, -0.000002456769086, 0.215079956054687, 74.149486974716183, 0.879494533538818, -25.860572748184204, 0.540110006332397, 2.990581914901734, -0.044889600753784, 0.554161807862127, 0.601397857025896, 0.575521770458458, 567.149266087848218, -0.167211297229448, 0.757725012185293, -0.630787751932172, -624.443101293674886, -0.815441642783727, 0.253324739165872, 0.520462778439265, 855.886825720395450, 0.000000000000000, 0.000000000000000, 0.000000000000000, 1.000000000000000
38, -0.831597379431344, 1.201206454580873, -0.000003175790195, 0.000081372921955, -0.000025502401935, -0.000056745344490, -0.000002456769086, 0.199621084213257, 81.237715776443480, 0.960489025115967, -28.352033739089965, 0.596894187927246, 3.267428932189941, -0.046558359146118, 0.449843855172024, 0.634182491699876, 0.628850596871234, 621.056749445721266, -0.048548392688163, 0.720438148058602, -0.691817843358560, -684.247206635791827, -0.891786723119024, 0.280680320014120, 0.354873214578678, 691.838947731582380, 0.000000000000000, 0.000000000000000, 0.000000000000000, 1.000000000000000
39, -0.831602832221712, 1.386026661503478, -0.000002486712390, 0.000039158479761, -0.000025118953099, -0.000044820982346, -0.000002426771239, 0.159293592453003, 85.654920373916624, 1.013311519622803, -29.840747709274293, 0.634750308990478, 3.416282180786133, -0.045890855789185, 0.334304321815197, 0.670792808202027, 0.662025398969042, 653.378972432101023, 0.077219070205255, 0.680583396076242, -0.728590046721724, -720.973374037465987, -0.939296457787592, 0.294691787211262, 0.175723973714219, 516.213914316235105, 0.000000000000000, 0.000000000000000, 0.000000000000000, 1.000000000000000
40, -0.646788557455061, 0.092381176592479, -0.000010186614168, 0.000041585251000, -0.000025598307777, -0.000097012271949, -0.000002756420301, -0.095441730499268, 8.233529567718506, 0.107845926284790, -3.001198062896728, -0.005722436904907, 0.410514564514160, -0.034543298721313, 0.937856323803552, 0.338112685026569, 0.078136599144136, 76.341556350931597, -0.334955414813832, 0.940858785493269, -0.050888268265136, -53.817092595212920, -0.090721474792804, 0.021553607221403, 0.995643036447885, 1323.538349547815642, 0.000000000000000, 0.000000000000000, 0.000000000000000, 1.000000000000000
41, -0.646788677282823, 0.277203121208519, -0.000009467538517, -0.000075021232482, -0.000025310764784, -0.000096293196298, -0.000002636537998, 0.030917743682861, 23.902104366302492, 0.303729343414307, -8.459082307815551, 0.122812299728394, 1.050650283813477, -0.038047691345215, 0.911360526261546, 0.345972718406842, 0.222990738127077, 219.712039648702927, -0.315342519481638, 0.935056789171564, -0.161950290000170, -163.370331075940129, -0.264539385686236, 0.077276640340702, 0.961273756158152, 1289.473498805975169, 0.000000000000000, 0.000000000000000, 0.000000000000000, 1.000000000000000
42, -0.646788946990733, 0.461980903976712, -0.000008179212822, -0.000072864060071, -0.000025214858941, -0.000090420981495, -0.000002636537998, 0.099474479675293, 38.829325441360474, 0.481124887466431, -13.615878334045410, 0.246504974365234, 1.643893892288208, -0.039716449737549, 0.859585302038489, 0.361958981962866, 0.360692117873132, 355.125073292127638, -0.276740923190190, 0.923144053723665, -0.266869851250530, -267.035979093312960, -0.429566723514801, 0.129579132004518, 0.893689923070477, 1222.907078899426551, 0.000000000000000, 0.000000000000000, 0.000000000000000, 1.000000000000000
43, -0.646806533800921, 0.646827745878127, -0.000006831000518, -0.000014800501123, -0.000025023047257, -0.000084249115476, -0.000002576596847, 0.141818346023560, 52.605868751525882, 0.637831621170044, -18.376945838928222, 0.360953712463379, 2.170887792587280, -0.042219587326050, 0.784348004533054, 0.385341984810469, 0.486117025547701, 478.867949848289015, -0.219631227366235, 0.905401528550166, -0.363332074092867, -361.538532004563933, -0.580138200561398, 0.178212308332931, 0.794783015299164, 1125.825841435402253, 0.000000000000000, 0.000000000000000, 0.000000000000000, 1.000000000000000
44, -0.646804496510812, 0.831629646914893, -0.000005452790368, 0.000064235424966, -0.000024831322839, -0.000077118463742, -0.000002456769086, 0.100146604537964, 64.487692073822018, 0.771208419799805, -22.537157468795776, 0.463957576751709, 2.646150182723999, -0.042720214843750, 0.687891503489885, 0.416632481061343, 0.594325378181931, 585.656598284783058, -0.148521897208774, 0.882313857566683, -0.446613370596208, -443.306841300524013, -0.710455153740144, 0.218951210251208, 0.668815252557535, 1002.090565806450513, 0.000000000000000, 0.000000000000000, 0.000000000000000, 1.000000000000000
45, -0.646804885991943, 1.016443502257108, -0.000004524057041, -0.000002756365760, -0.000024735416996, -0.000069927979940, -0.000002456769086, 0.216424205780029, 74.187125967025764, 0.879494533538818, -25.854410123825073, 0.541870756149292, 3.006435119628907, -0.046558359146118, 0.575140095909609, 0.451858511969656, 0.681936767770777, 672.374507523251509, -0.062378718530749, 0.855404635972244, -0.514190435764469, -510.055992575392736, -0.815673197764612, 0.253193194848838, 0.520163859308479, 855.619826793595621, 0.000000000000000, 0.000000000000000, 0.000000000000000, 1.000000000000000
46, -0.646794429778948, 1.201206814118699, -0.000003655210323, -0.000050094112884, -0.000024591601866, -0.000061119521381, -0.000002576596847, 0.120310350418091, 81.259223772048955, 0.959168462753296, -28.297450494766235, 0.599095125198364, 3.285618398666382, -0.046725234985352, 0.448860184337639, 0.491970014595546, 0.745982600102200, 736.350492304344812, 0.033508208141057, 0.824950537779167, -0.564210785261181, -558.964610092525731, -0.892973535388119, 0.278248297311449, 0.353802416808765, 691.615006781009583, 0.000000000000000, 0.000000000000000, 0.000000000000000, 1.000000000000000
47, -0.646794130127732, 1.386037417367689, -0.000003115849044, -0.000075979963656, -0.000024256062318, -0.000050932961755, -0.000002336886783, 0.190883460998535, 85.637445127487183, 1.014191894531250, -29.788805589675903, 0.635190496444702, 3.423457841873169, -0.047058986663818, 0.313005911995269, 0.535476225849750, 0.784405832847843, 774.861347466062966, 0.136943097821738, 0.791830526733232, -0.595189889776665, -588.888799423903492, -0.939826519638064, 0.293716918959533, 0.174517862988072, 515.950044171810760, 0.000000000000000, 0.000000000000000, 0.000000000000000, 1.000000000000000
48, -0.461989113187381, 0.092372428075072, -0.000010635981908, 0.000077897426003, -0.000024639511154, -0.000100367885598, -0.000002756420301, -0.065196111679077, 8.301414178848267, 0.106085176467896, -2.996356000900269, -0.002200937271118, 0.405508289337158, -0.036045181274414, 0.983049037422252, 0.161539760337535, 0.086715026686701, 85.241146156177265, -0.158969221449983, 0.986633576418833, -0.035818605703884, -39.133492348581271, -0.091342085890184, 0.021426425578611, 0.995589037521082, 1323.537539608253155, 0.000000000000000, 0.000000000000000, 0.000000000000000, 1.000000000000000
49, -0.461990581281987, 0.277155004553675, -0.000009707194039, -0.000070317461070, -0.000024447874002, -0.000099349267815, -0.000002636537998, 0.055114238739014, 23.982087224960328, 0.304609718322754, -8.464804744720460, 0.123252487182617, 1.052152166366577, -0.038214567184448, 0.953083683350278, 0.171706962234702, 0.249295430466742, 246.325685304330477, -0.145694985735832, 0.982094606209708, -0.119428453834232, -120.225167804103805, -0.265338394626378, 0.077504216491298, 0.961035188098317, 1289.421861711381098, 0.000000000000000, 0.000000000000000, 0.000000000000000, 1.000000000000000
50, -0.461990790994205, 0.461979945300079, -0.000008568693953, -0.000035263559373, -0.000024256062318, -0.000093536885080, -0.000002636537998, 0.129047973632813, 38.967111038208003, 0.480684700012207, -13.660337266921998, 0.248265724182129, 1.647231409072876, -0.041218332290649, 0.895994893941759, 0.187423375618729, 0.402573755108274, 398.884154145011166, -0.115020937099728, 0.973579491669350, -0.197264181821107, -197.399670139922989, -0.428909470703313, 0.130443289105001, 0.893879865680212, 1222.557350258730594, 0.000000000000000, 0.000000000000000, 0.000000000000000, 1.000000000000000
51, -0.461997921591398, 0.646819896259825, -0.000007130597192, 0.000074362097982, -0.000024208153030, -0.000087784498038, -0.000002396827934, 0.169375465393066, 52.689212234497070, 0.634750308990478, -18.451337518692014, 0.359192962646484, 2.183570356369019, -0.042887090682983, 0.811818123126936, 0.212392917363114, 0.543912294048079, 537.458620330299368, -0.071968698438864, 0.960792884962531, -0.267763960701197, -267.794274428366123, -0.579458230943072, 0.178230976149944, 0.795274718404253, 1125.528056706909865, 0.000000000000000, 0.000000000000000, 0.000000000000000, 1.000000000000000
52, -0.461994985456725, 0.831645166491667, -0.000005872269345, -0.000028882035678, -0.000023968432057, -0.000081013329588, -0.000002516655695, 0.188194961547852, 64.491052698135377, 0.770328044891357, -22.523071470260618, 0.463517389297485, 2.646150182723999, -0.042887090682983, 0.703726798102592, 0.245792139298002, 0.666599443362793, 657.461133091746433, -0.017927568364521, 0.944094996848639, -0.329185721467234, -328.726858674937830, -0.710244462086688, 0.219706306656590, 0.668791404617696, 1001.724137781070112, 0.000000000000000, 0.000000000000000, 0.000000000000000, 1.000000000000000
53, -0.462005471667567, 1.016410815240040, -0.000005033420474, 0.000098510309861, -0.000023872526215, -0.000074182383611, -0.000002336941324, 0.176768838882446, 74.230814083099375, 0.875532846450806, -25.901950368881224, 0.541870756149292, 2.999926961898804, -0.046892110824585, 0.576629585156767, 0.285689365841143, 0.765427924606373, 754.795045155528669, 0.045340111336158, 0.924236142106375, -0.379119806826746, -378.417104636254521, -0.815746649288834, 0.253316284256678, 0.519988715554896, 855.397638140276740, 0.000000000000000, 0.000000000000000, 0.000000000000000, 1.000000000000000
54, -0.462001666686177, 1.201148570790838, -0.000004074634759, 0.000001258327848, -0.000023584983221, -0.000065493807355, -0.000002456769086, 0.204998083114624, 81.310977386474605, 0.957407712936401, -28.321660804748532, 0.596454000473022, 3.287454032897949, -0.045557104110718, 0.435780207643231, 0.331660050101228, 0.836718125651210, 826.259570012683753, 0.115639248582565, 0.901295743883984, -0.417484785643592, -414.492127504982932, -0.892593510403074, 0.278689061901373, 0.354413927439161, 691.604748426300375, 0.000000000000000, 0.000000000000000, 0.000000000000000, 1.000000000000000
55, -0.461993337647747, 1.386007606598683, -0.000003505384716, -0.000008508807343, -0.000023393171537, -0.000055906441078, -0.000002396827934, 0.217768455505371, 85.677100494384760, 1.008029270172119, -29.798049526214598, 0.636951246261597, 3.424292221069336, -0.046892110824585, 0.284011459796824, 0.380095179079835, 0.880264247566801, 869.634745330213036, 0.192210558193211, 0.876863471697540, -0.440642205560920, -436.869858695907055, -0.939357542165459, 0.294343518431791, 0.175980968101845, 515.887092460892632, 0.000000000000000, 0.000000000000000, 0.000000000000000, 1.000000000000000
56, -0.277189579035243, 0.092368712978139, -0.000010755864211, 0.000083140558695, -0.000023872526215, -0.000104292694749, -0.000002756420301, -0.081999233245850, 8.406937782287597, 0.103003864288330, -3.059302806854248, 0.001320562362671, 0.409012681961060, -0.037213312149048, 0.995473834902314, -0.023886811980830, 0.091985130528106, 91.333084133178048, 0.025791704393151, 0.999475651100699, -0.019575771793977, -23.285506430308338, -0.091469295445939, 0.021859621914069, 0.995567940886205, 1323.487212214939291, 0.000000000000000, 0.000000000000000, 0.000000000000000, 1.000000000000000
57, -0.277190328054199, 0.277152877324568, -0.000009767135191, -0.000022829997421, -0.000023776620373, -0.000103094308053, -0.000002636537998, 0.022852245330811, 24.047955461502077, 0.303289155960083, -8.491656179428102, 0.125893611907959, 1.054321552276611, -0.039716449737549, 0.963634035325005, -0.014345487524790, 0.266840126200919, 264.590044853225265, 0.034382198858647, 0.996914180175710, -0.070568985866579, -73.521685083458109, -0.265004359143186, 0.077177226901911, 0.961153663720240, 1289.303957043393666, 0.000000000000000, 0.000000000000000, 0.000000000000000, 1.000000000000000
58, -0.277191406667676, 0.461989263012988, -0.000008568748494, -0.000022050926077, -0.000023584983221, -0.000097431750926, -0.000002576596847, 0.102162979125977, 39.106240884780888, 0.480244512557983, -13.720202760696409, 0.246504974365234, 1.646230154037476, -0.042219587326050, 0.901109566528064, 0.006049382378126, 0.433549252201464, 428.651861273992949, 0.051047957622314, 0.991468500402491, -0.119934643586527, -121.052308158878446, -0.430575957450246, 0.130206058547519, 0.893112942008638, 1222.544961965055563, 0.000000000000000, 0.000000000000000, 0.000000000000000, 1.000000000000000
59, -0.277194852111240, 0.646781366971259, -0.000007370307257, -0.000016837845773, -0.000023489164645, -0.000091829080409, -0.000002516655695, 0.145851095199585, 52.801457086563111, 0.637391433715820, -18.433289833068848, 0.366676149368286, 2.178730957031250, -0.043387718200684, 0.811442874641667, 0.032290580925920, 0.583539012900367, 577.952374201321277, 0.078461154205807, 0.983414577516547, -0.163522524468785, -164.744921592858816, -0.579141009145408, 0.178474331799894, 0.795451195495123, 1125.192578281720898, 0.000000000000000, 0.000000000000000, 0.000000000000000, 1.000000000000000
60, -0.277198117785891, 0.831639084510105, -0.000006111924867, 0.000006711172757, -0.000023297352961, -0.000085297731106, -0.000002456769086, 0.180129463195801, 64.581789554595943, 0.770328044891357, -22.568850965499877, 0.462196826934814, 2.652491464614868, -0.044055221557617, 0.696454396369483, 0.070335009527955, 0.714145825593290, 707.061724600651360, 0.109670461143024, 0.973061709267426, -0.202788806175864, -202.275669011379165, -0.709171110332546, 0.219553857611882, 0.669979432428673, 1001.237389168514028, 0.000000000000000, 0.000000000000000, 0.000000000000000, 1.000000000000000
61, -0.277198597206020, 1.016444850469412, -0.000005123304930, -0.000017976345860, -0.000023105541276, -0.000077987310459, -0.000002486712390, 0.196260459899902, 74.267108825683593, 0.879054346084595, -25.868496122360227, 0.541430568695068, 3.023289579391480, -0.045723979949951, 0.559533301150859, 0.111594249027004, 0.821260743301007, 811.794900436609055, 0.150538316334101, 0.960728160242769, -0.233108595791400, -233.404779957288923, -0.815021901680266, 0.254063231697629, 0.520760188648134, 854.804923392733940, 0.000000000000000, 0.000000000000000, 0.000000000000000, 1.000000000000000
62, -0.277200155130541, 1.201212566560282, -0.000004194462520, -0.000066212883006, -0.000023009722700, -0.000070347349834, -0.000002456769086, 0.264145071029663, 81.329124757766721, 0.960489025115967, -28.311536493301393, 0.600855875015259, 3.293461563110352, -0.047058986663818, 0.406987551576284, 0.159574361218618, 0.899387100254174, 888.982034688592080, 0.194601628173755, 0.946870473329100, -0.256059588864876, -256.037565394606020, -0.892463634650771, 0.279235259197680, 0.354311065092157, 690.726618618439261, 0.000000000000000, 0.000000000000000, 0.000000000000000, 1.000000000000000
63, -0.277202402187409, 1.385976537501830, -0.000003775038085, 0.000099648864489, -0.000022817911016, -0.000061568943663, -0.000002456769086, 0.213063581466675, 85.695919990539551, 1.008469457626343, -29.862316894531247, 0.637831621170044, 3.429298496246338, -0.045723979949951, 0.244241807677986, 0.211119286173354, 0.946453689510397, 935.472607461147390, 0.241830742679699, 0.931914691392129, -0.270282999580993, -270.021888489634534, -0.939076051913356, 0.294896007048530, 0.176557395057976, 515.185200532535191, 0.000000000000000, 0.000000000000000, 0.000000000000000, 1.000000000000000
64, -0.092389925055345, 0.092376622592134, -0.000010905635277, 0.000045180574713, -0.000023153537831, -0.000107198886117, -0.000002636537998, -0.096785980224609, 8.476838768005370, 0.106965551376343, -3.069427118301391, -0.001760749816895, 0.420026487350464, -0.036712684631348, 0.973256398614241, -0.208906462147781, 0.095551413539181, 94.129865655764746, 0.210092726103853, 0.977678482530514, -0.002414795039416, -6.593754409319661, -0.092914094704136, 0.022424871676977, 0.995421567043623, 1323.537806136119343, 0.000000000000000, 0.000000000000000, 0.000000000000000, 1.000000000000000
65, -0.092389984941955, 0.277202522015171, -0.000009887017494, -0.000084279058781, -0.000023105541276, -0.000106000444879, -0.000002636537998, -0.031589868545532, 24.148102066040039, 0.304609718322754, -8.509263677597046, 0.126333799362183, 1.071176012039185, -0.037880815505981, 0.940531645811245, -0.198019742627303, 0.276022471471813, 274.019125820279783, 0.211686840693307, 0.977126354946323, -0.020316691329988, -24.194653507683793, -0.265685725444326, 0.077538816080259, 0.960936432494884, 1289.211728254640093, 0.000000000000000, 0.000000000000000, 0.000000000000000, 1.000000000000000
66, -0.092390044828565, 0.462005172070893, -0.000008748462866, 0.000093626769536, -0.000023009722700, -0.000100307944447, -0.000002576651388, 0.032934118270874, 39.144552001953123, 0.480244512557983, -13.765101881027221, 0.255308723449707, 1.651069553375244, -0.039883325576782, 0.875991836550810, -0.177615999429927, 0.448431554468290, 443.929525949938181, 0.216986146374112, 0.975453639436071, -0.037512792386544, -40.996239834353261, -0.430761319732925, 0.130164334813465, 0.893029636330462, 1222.436192831827611, 0.000000000000000, 0.000000000000000, 0.000000000000000, 1.000000000000000
